1;1267;479
2;1229;480
3;1365;331
4;1366;301
5;1251;556
6;1359;577
7;1401;580
8;1419;582
9;1360;535
10;1357;614
11;1300;596
12;1356;672
13;1085;473
14;1091;399
15;923;442
16;912;396
17;825;465
18;833;507
19;933;494
20;821;444
21;1070;355
22;1076;367
23;1023;232
24;1031;223
25;1301;274
26;1289;337
27;1304;294
28;938;350
29;846;585
30;959;601
31;924;302
32;1255;441
33;1275;395
34;1222;518
35;1190;545
36;952;585
37;966;592
38;777;334
39;1302;220
40;1369;222
41;1462;223
42;1457;386
43;1623;432
44;1591;423
45;1574;465
46;1517;453
47;1492;469
48;1487;494
49;1488;515
50;1670;487
51;1690;430
52;1744;431
53;1751;506
54;1742;408
55;1706;386
56;1616;364
57;1538;420
58;1465;433
59;1454;486
60;1442;515
61;1842;427
62;1772;430
63;1778;317
64;1833;316
65;1913;317
66;1895;426
67;1849;526
68;1797;516
69;1858;527
70;1862;501
71;1892;469
72;1916;450
73;1714;365
74;1720;300
75;1723;242
76;1765;248
77;1803;254
78;1681;228
79;1669;243
80;1662;261
81;1649;287
82;1648;304
83;1825;202
84;546;44
85;472;89
86;472;94
87;517;136
88;578;120
89;590;97
90;201;44
91;0;551
92;121;558
93;169;563
94;199;569
95;229;577
96;5;426
97;17;422
98;30;421
99;45;421
100;171;429
101;219;432
102;310;424
103;66;480
104;31;493
105;1;501
106;20;500
107;43;493
108;166;445
109;272;589
110;305;602
111;348;625
112;453;691
113;472;705
114;481;710
115;500;720
116;543;732
117;567;735
118;592;736
119;610;736
120;639;734
121;646;732
122;712;730
123;727;733
124;743;738
125;896;789
126;911;797
127;930;810
128;959;839
129;972;847
130;1032;887
131;1039;891
132;1142;938
133;1148;940
134;1155;940
135;1162;940
136;1170;938
137;1296;895
138;1243;884
139;1244;903
140;1205;883
141;1204;918
142;477;73
143;487;60
144;497;130
145;549;136
146;589;103
147;591;80
148;568;52
149;1424;903
150;1480;932
151;1487;923
152;1698;876
153;1818;871
154;1870;865
155;1910;865
156;802;756
157;1466;424
158;1485;392
159;1491;366
160;1417;545
161;348;406
162;356;395
163;362;372
164;379;346
165;1899;16
166;1346;96
167;1334;118
168;251;359
169;204;357
170;188;354
171;626;360
172;549;356
173;458;351
174;678;364
175;753;341
176;769;336
177;636;233
178;631;225
179;772;564
180;722;544
181;713;539
182;688;444
183;686;435
184;692;406
185;969;670
186;1089;654
187;742;520
188;1551;375
189;1292;677
190;1488;405
191;1486;400
192;1465;123
193;1466;51
194;1076;181
195;1313;153
196;1371;153
197;1578;225
198;1573;276
199;1576;256
200;1565;302
201;1578;211
202;1576;145
203;1602;105
204;1652;30
205;1661;223
206;1643;559
207;1619;621
208;1760;592
209;1765;645
210;1824;609
211;1915;554
212;1192;697
213;1275;670
214;1106;723
215;1206;828
216;1421;711
217;1261;831
218;139;423
219;95;420
220;210;424
221;315;412
222;306;416
223;292;419
224;266;421
225;392;287
226;388;291
227;378;307
228;369;341
229;360;352
230;355;377
231;352;385
232;346;392
233;513;151
234;504;180
235;495;200
236;452;242
237;504;201
238;507;204
239;510;207
240;452;258
241;436;253
242;768;130
243;937;158
244;1007;170
245;584;112
246;537;226
247;614;203
248;550;227
249;544;228
250;543;234
251;546;240
252;488;210
253;1001;550
254;1008;545
255;1056;550
256;1060;551
257;1069;574
258;1121;610
259;1157;615
260;1161;614
261;1387;737
262;1379;725
263;1853;819
264;1711;767
265;1793;696
266;1695;801
267;1696;688
268;1857;651
269;1857;631
270;1742;653
271;1740;657
272;1740;659
273;1663;710
274;1616;729
275;1787;669
276;1876;612
277;766;36
278;932;205
279;1020;221
280;1503;118
281;1556;111
282;1395;132
283;1626;69
284;1541;38
285;1585;54
286;1723;237
287;1855;127
288;1796;25
289;1830;122
290;969;35
291;980;55
292;805;24
293;822;15
294;739;123
295;804;453
296;770;569
297;786;691
298;779;686
299;761;687
300;754;684
301;743;624
302;746;611
303;581;708
304;1264;662
305;1233;643
306;1281;592
307;1300;705
308;1290;682
309;1289;709
310;1510;754
311;1460;774
312;1446;792
313;1444;792
314;1684;823
315;1666;842
316;1637;850
317;1624;850
318;1599;845
319;1522;808
320;1555;726
321;1561;803
322;1654;814
323;1800;834
324;1551;818
325;1530;604
326;1495;596
327;1501;145
328;1506;125
329;309;598
330;1245;874
331;574;705
332;588;709
333;973;588
334;993;580
335;1208;613
336;1056;571
337;1176;561
338;948;602
339;538;399
340;538;405
341;266;576
342;1499;313
343;1491;562
344;1541;585
345;1498;569
346;1405;511
347;1240;702
348;1293;689
349;1276;727
350;1219;773
351;1211;788
352;1199;802
353;1196;806
354;1188;812
355;1174;819
356;1165;821
357;1157;822
358;1143;821
359;1127;819
360;1114;814
361;1106;812
362;1283;935
363;1265;939
364;1215;953
365;1211;953
366;1207;953
367;1190;950
368;1181;946
369;1168;943
370;1206;842
371;1188;846
372;1179;849
373;1158;859
374;1101;919
375;1134;883
376;1196;929
377;1117;901
378;259;493
379;266;489
380;268;500
381;275;505
382;283;507
383;295;506
384;522;426
385;633;377
386;598;387
387;545;403
388;826;193
389;49;108
390;68;115
391;86;123
392;107;132
393;150;144
394;59;325
395;124;197
396;1128;728
397;455;197
398;474;224
399;476;111
400;1456;848
401;649;534
402;606;495
403;557;422
404;542;416
405;596;469
406;641;253
407;792;204
408;738;207
409;935;187
410;1016;208
411;591;208
412;549;154
413;605;303
414;643;259
415;548;257
416;548;300
417;552;320
418;714;203
419;713;207
420;723;216
421;704;228
422;699;235
423;699;249
424;711;295
425;470;21
426;335;65
427;290;304
428;347;347
429;471;77
430;199;1
431;146;45
432;1202;410
433;1096;517
434;1070;577
435;1284;20
436;1268;29
437;1230;471
438;1209;423
439;1211;573
440;1221;549
441;1429;46
442;1110;187
443;1730;50
444;1502;366
445;1488;318
446;1510;404
447;1561;454
448;1828;255
449;754;5
450;762;9
451;590;578
452;623;573
453;627;568
454;630;546
455;533;413
456;708;533
457;684;540
458;705;537
459;539;675
460;534;660
461;26;104
462;98;129
463;90;263
464;106;231
465;177;90
466;68;152
467;50;166
468;34;178
469;26;140
470;131;82
471;63;148
472;55;144
473;47;142
474;39;141
475;19;141
476;9;145
477;2;150
478;22;120
479;2;100
480;135;173
481;180;186
482;375;317
483;303;303
484;330;298
485;339;308
486;358;314
487;650;2
488;643;3
489;631;3
490;961;26
491;927;39
492;893;44
493;870;43
494;854;38
495;840;33
496;819;19
497;14;711
498;8;712
499;142;778
500;156;791
501;207;835
502;856;55
503;828;44
504;785;19
505;795;27
506;1809;48
507;1255;176
508;1209;153
509;1132;132
510;1096;122
511;1088;119
512;999;93
513;961;76
514;875;59
515;865;57
516;945;70
517;928;65
518;916;63
519;1622;308
520;1643;317
521;1647;321
522;1652;331
523;1653;335
524;1652;340
525;1650;345
526;1647;348
527;1642;353
528;1462;366
529;1469;281
530;1477;273
531;1496;253
532;1499;245
533;1480;394
534;1461;287
535;1463;323
536;1465;295
537;1466;288
538;1401;302
539;1527;304
540;1513;301
541;1465;299
542;1461;299
543;1412;299
544;1414;305
545;1461;306
546;1465;306
547;1461;266
548;1088;520
549;816;195
550;913;154
551;1608;52
552;1605;26
553;1510;37
554;1497;49
555;1497;63
556;1493;82
557;1491;92
558;1488;99
559;1484;105
560;1477;108
561;1465;112
562;1286;107
563;1266;102
564;1265;89
565;1270;104
566;1279;83
567;1284;69
568;1283;50
569;1286;40
570;1297;79
571;1302;62
572;1362;55
573;1349;51
574;1308;35
575;1303;57
576;1326;41
577;1306;43
578;1324;49
579;1076;11
580;1082;18
581;1109;33
582;1117;37
583;1099;115
584;1119;101
585;1125;89
586;1127;74
587;1130;61
588;1121;40
589;1115;26
590;1115;11
591;1284;8
592;1272;20
593;1267;28
594;1266;35
595;1263;43
596;1258;65
597;1255;74
598;1255;86
599;1256;100
600;1257;109
601;1264;133
602;1267;135
603;1282;141
604;1308;151
605;1249;25
606;1238;25
607;1230;24
608;1226;24
609;1214;31
610;1208;31
611;1192;29
612;1181;26
613;1169;19
614;858;88
615;793;195
616;800;187
617;808;182
618;816;180
619;824;179
620;836;182
621;842;186
622;849;193
623;793;208
624;787;229
625;787;233
626;833;339
627;767;206
628;761;206
629;747;189
630;738;183
631;736;173
632;742;157
633;740;155
634;901;181
635;907;185
636;920;195
637;926;200
638;907;178
639;1073;135
640;1086;126
641;1094;128
642;1167;149
643;1080;170
644;1079;165
645;1072;148
646;1069;140
647;1271;141
648;1260;156
649;1216;138
650;1225;124
651;1249;133
652;1239;148
653;747;3
654;748;14
655;750;22
656;756;29
657;789;49
658;846;81
659;896;109
660;921;122
661;929;127
662;935;132
663;938;137
664;939;144
665;1341;153
666;1342;146
667;1347;106
668;1371;145
669;1365;147
670;1332;137
671;1370;197
672;1386;197
673;1422;191
674;1627;388
675;1612;416
676;1601;398
677;1403;488
678;1410;488
679;1443;488
680;1453;494
681;1471;538
682;1556;609
683;1581;569
684;1555;561
685;1290;624
686;1184;701
687;1196;725
688;1195;809
689;1193;739
690;1212;726
691;1226;725
692;1253;719
693;1175;799
694;1146;799
695;1244;754
696;1220;726
697;1188;755
698;1111;777
699;1177;789
700;1126;843
701;1120;840
702;1101;790
703;1187;830
704;1165;834
705;1145;872
706;1056;800
707;1003;833
708;1036;845
709;1043;848
710;1062;802
711;1097;753
712;1034;665
713;1044;667
714;1045;671
715;1054;704
716;933;803
717;1020;870
718;976;839
719;970;688
720;1005;669
721;913;752
722;954;760
723;963;763
724;900;746
725;930;759
726;948;758
727;985;815
728;970;771
729;923;795
730;677;701
731;682;706
732;718;708
733;740;703
734;763;699
735;777;704
736;781;709
737;783;712
738;806;728
739;801;734
740;791;731
741;787;734
742;806;751
743;821;757
744;835;761
745;853;767
746;1284;948
747;1394;935
748;1412;933
749;1435;929
750;1457;925
751;1256;746
752;1439;764
753;1255;699
754;1258;718
755;1393;805
756;1427;817
757;1437;831
758;1401;877
759;1406;746
760;1394;747
761;1382;750
762;1375;754
763;1372;757
764;1368;795
765;1372;761
766;1284;832
767;1369;939
768;1315;888
769;1382;897
770;1360;845
771;27;138
772;25;131
773;600;479
774;574;485
775;534;505
776;532;506
777;531;528
778;542;541
779;626;513
780;584;537
781;559;426
782;544;443
783;539;452
784;529;650
785;530;642
786;681;434
787;625;385
788;638;386
789;656;457
790;642;466
791;622;457
792;616;452
793;604;430
794;603;422
795;607;405
796;615;394
797;630;381
798;471;607
799;453;582
800;438;624
801;449;622
802;454;615
803;429;653
804;445;678
805;447;681
806;452;683
807;392;633
808;357;614
809;344;607
810;305;590
811;296;588
812;452;553
813;449;576
814;450;580
815;455;592
816;448;599
817;470;512
818;454;645
819;455;652
820;432;631
821;475;669
822;472;676
823;463;687
824;533;691
825;528;692
826;521;702
827;530;691
828;522;686
829;513;679
830;501;668
831;621;731
832;583;727
833;557;719
834;533;709
835;515;699
836;496;691
837;482;688
838;472;666
839;400;654
840;417;665
841;306;446
842;297;453
843;301;459
844;301;464
845;300;478
846;303;489
847;301;495
848;313;502
849;319;513
850;322;524
851;319;530
852;308;533
853;302;535
854;298;539
855;294;547
856;292;510
857;291;514
858;287;525
859;379;537
860;351;524
861;329;519
862;262;545
863;270;549
864;288;552
865;311;553
866;326;553
867;341;553
868;342;567
869;338;571
870;330;576
871;314;592
872;531;404
873;461;397
874;449;396
875;438;394
876;427;387
877;422;382
878;420;375
879;420;363
880;415;348
881;458;356
882;459;388
883;474;412
884;472;424
885;468;432
886;464;441
887;516;425
888;495;431
889;488;430
890;456;450
891;450;461
892;444;466
893;427;473
894;420;474
895;361;457
896;337;451
897;325;452
898;474;414
899;485;417
900;490;422
901;490;430
902;297;503
903;68;555
904;312;432
905;294;444
906;287;452
907;283;464
908;275;480
909;63;521
910;93;526
911;150;539
912;158;542
913;160;547
914;324;580
915;308;567
916;303;566
917;286;566
918;268;563
919;250;558
920;234;556
921;218;558
922;201;558
923;189;559
924;172;556
925;156;547
926;149;545
927;132;480
928;145;481
929;127;503
930;246;497
931;235;499
932;223;497
933;158;479
934;25;414
935;28;395
936;120;339
937;118;359
938;117;379
939;113;398
940;106;417
941;270;357
942;271;375
943;51;426
944;47;453
945;100;439
946;101;448
947;94;457
948;1573;281
949;1588;281
950;1603;270
951;1623;260
952;1629;256
953;1691;199
954;1689;197
955;1684;195
956;1681;196
957;1664;222
958;1628;218
959;1642;168
960;1653;148
961;1612;216
962;1615;192
963;1618;173
964;1620;159
965;1726;152
966;1718;162
967;1465;199
968;1473;193
969;1477;192
970;1500;193
971;1520;199
972;1531;205
973;1541;207
974;1577;200
975;1552;194
976;1559;168
977;1551;166
978;1544;189
979;1528;184
980;1521;183
981;1526;172
982;285;355
983;1872;82
984;1915;91
985;1864;103
986;1887;109
987;1905;119
988;1917;126
989;1914;136
990;1907;171
991;1750;649
992;291;949
993;280;917
994;263;933
995;294;965
996;267;934
997;876;780
998;273;941
999;1311;478
1000;1408;453
1001;1318;475
1002;1410;474
1003;1405;482
1004;1424;430
1005;1447;462
1006;1181;346
1007;1126;350
1008;1888;255
1009;1898;255
1010;1915;255
1011;1894;414
1012;1877;927
1013;28;140
1014;1421;460
1015;1361;463
1016;982;827
1017;888;740
1018;1639;179
1019;8;248
1020;21;213
1021;262;925
1022;738;126
1023;119;459
1024;208;432
1025;102;466
1026;200;438
1027;93;424
1028;105;469
1029;673;348
1030;201;427
1031;122;462
1032;911;597
1033;173;437
1034;115;469
1035;116;422
1036;117;426
1037;743;127
1038;1678;217
1039;1508;194
1040;1559;302
1041;1470;274
1042;1312;294
1043;1374;299
1044;1464;272
1045;1408;302
1046;1715;304
1047;1298;299
1048;1400;301
1049;1393;302
1050;1717;309
1051;1465;379
1052;1302;290
1053;1560;307
1054;1720;307
1055;1360;293
1056;1359;300
1057;1567;308
1058;1553;301
1059;1364;290
1060;1356;294
1061;1551;306
1062;1369;298
1063;1402;304
1064;1315;299
1065;1539;304
1066;1531;306
1067;1308;297
1068;1393;299
1069;1332;294
1070;1366;295
1071;1050;799
1072;458;686
1073;1902;948
1074;1834;952
1075;1832;961
1076;1791;957
1077;1786;967
1078;1863;946
1079;1772;953
1080;1775;970
1081;100;698
1082;53;774
1083;273;825
1084;181;758
1085;108;662
1086;798;897
1087;415;549
1088;10;829
1089;701;970
1090;166;696
1091;143;686
1092;480;825
1093;790;935
1094;43;886
1095;143;709
1096;47;766
1097;100;800
1098;228;783
1099;305;778
1100;821;915
1101;10;827
1102;792;944
1103;26;829
1104;1461;870
1105;78;684
1106;301;876
1107;515;827
1108;476;398
1109;769;906
1110;13;826
1111;130;708
1112;75;778
1113;84;776
1114;255;793
1115;347;791
1116;754;879
1117;1427;789
1118;1394;878
1119;17;833
1120;768;933
1121;34;891
1122;707;946
1123;169;734
1124;309;883
1125;1446;799
1126;122;670
1127;10;653
1128;402;807
1129;829;180
1130;771;908
1131;17;829
1132;172;716
1133;62;778
1134;270;811
1135;228;741
1136;775;883
1137;602;847
1138;12;832
1139;663;954
1140;167;723
1141;274;855
1142;49;652
1143;430;814
1144;1049;144
1145;154;710
1146;234;744
1147;148;714
1148;260;759
1149;71;683
1150;670;847
1151;626;847
1152;768;926
1153;815;910
1154;794;949
1155;43;888
1156;676;972
1157;37;735
1158;278;863
1159;234;791
1160;842;938
1161;283;947
1162;729;153
1163;684;928
1164;19;823
1165;204;739
1166;228;745
1167;232;775
1168;171;700
1169;56;684
1170;1370;871
1171;716;864
1172;1420;788
1173;552;827
1174;779;917
1175;795;958
1176;40;892
1177;661;931
1178;185;746
1179;261;809
1180;1402;803
1181;243;795
1182;78;655
1183;861;959
1184;319;553
1185;753;929
1186;2;815
1187;701;956
1188;182;724
1189;206;724
1190;130;680
1191;568;833
1192;867;969
1193;782;921
1194;21;834
1195;658;934
1196;68;820
1197;169;956
1198;189;949
1199;206;872
1200;170;813
1201;185;872
1202;168;954
1203;196;893
1204;206;830
1205;204;942
1206;154;954
1207;217;893
1208;148;954
1209;253;940
1210;143;964
1211;91;870
1212;74;799
1213;338;951
1214;188;853
1215;338;954
1216;85;873
1217;343;972
1218;164;720
1219;197;951
1220;102;919
1221;73;813
1222;149;956
1223;280;939
1224;138;958
1225;286;948
1226;193;938
1227;228;889
1228;74;842
1229;350;944
1230;148;801
1231;125;797
1232;25;751
1233;349;953
1234;179;957
1235;60;683
1236;206;954
1237;50;827
1238;180;945
1239;100;803
1240;326;946
1241;181;838
1242;95;892
1243;78;875
1244;311;886
1245;88;876
1246;353;957
1247;186;950
1248;270;936
1249;187;942
1250;198;859
1251;215;839
1252;126;956
1253;61;837
1254;210;879
1255;109;943
1256;77;878
1257;188;940
1258;205;957
1259;349;945
1260;159;805
1261;138;798
1262;201;958
1263;341;937
1264;100;916
1265;190;953
1266;128;942
1267;188;947
1268;355;954
1269;212;835
1270;94;898
1271;64;827
1272;198;899
1273;95;918
1274;204;944
1275;217;869
1276;159;954
1277;77;823
1278;346;935
1279;201;939
1280;54;859
1281;93;802
1282;207;970
1283;252;960
1284;203;866
1285;134;959
1286;170;958
1287;339;938
1288;195;951
1289;194;851
1290;76;847
1291;188;878
1292;170;947
1293;111;913
1294;330;950
1295;156;957
1296;199;938
1297;94;904
1298;225;891
1299;133;966
1300;86;871
1301;60;806
1302;202;940
1303;183;964
1304;74;834
1305;349;941
1306;347;957
1307;111;798
1308;82;874
1309;249;956
1310;332;942
1311;167;728
1312;203;947
1313;354;951
1314;83;807
1315;172;959
1316;202;948
1317;358;959
1318;99;892
1319;64;851
1320;261;923
1321;198;840
1322;190;938
1323;192;885
1324;115;887
1325;203;953
1326;62;845
1327;247;903
1328;311;913
1329;126;963
1330;80;873
1331;52;816
1332;179;947
1333;90;809
1334;186;836
1335;339;931
1336;79;877
1337;347;943
1338;130;958
1339;217;842
1340;186;946
1341;211;968
1342;208;846
1343;362;962
1344;185;863
1345;87;868
1346;165;809
1347;211;864
1348;106;902
1349;176;952
1350;214;887
1351;200;950
1352;84;895
1353;178;953
1354;84;796
1355;172;950
1356;83;814
1357;51;837
1358;332;923
1359;92;871
1360;335;972
1361;138;711
1362;192;950
1363;334;844
1364;74;936
1365;0;762
1366;40;926
1367;3;755
1368;62;942
1369;44;932
1370;20;915
1371;38;910
1372;300;792
1373;23;916
1374;46;939
1375;27;917
1376;54;906
1377;25;913
1378;45;947
1379;34;921
1380;265;338
1381;277;324
1382;279;337
1383;262;325
1384;302;112
1385;224;99
1386;275;108
1387;211;126
1388;293;111
1389;244;103
1390;313;111
1391;357;88
1392;954;588
1393;958;590
1394;961;598
1395;1493;467
1396;1463;200
1397;912;42
1398;1276;32
1399;1367;36
1400;1311;11
1401;830;27
1402;1374;11
1403;1316;10
1404;589;447
1405;693;541
1406;532;470
1407;518;506
1408;516;500
1409;603;491
1410;533;473
1411;529;507
1412;637;466
1413;533;475
1414;561;424
1415;608;441
1416;641;387
1417;531;515
1418;516;499
1419;1102;614
1420;1094;636
1421;207;35
1422;88;15
1423;468;84
1424;204;38
1425;682;203
1426;636;179
1427;638;178
1428;663;198
1429;809;60
1430;636;182
1431;638;183
1432;642;181
1433;657;264
1434;690;216
1435;642;181
1436;642;179
1437;641;183
1438;640;183
1439;697;213
1440;641;178
1441;637;178
1442;635;181
1443;642;182
1444;640;178
1445;635;181
1446;637;183
1447;642;180
1448;635;180
1449;151;30
1450;328;59
1451;1517;917
1452;1594;857
1453;1549;824
1454;1540;847
1455;1488;610
1456;1291;933
1457;1397;935
1458;1463;921
1459;1641;478
1460;1495;518
1461;1641;480
1462;1481;519
1463;1489;518
1464;1606;548
1465;1137;842
1466;1181;817
1467;1197;829
1468;574;725
1469;592;729
1470;505;694
1471;1296;21
1472;1294;23
1473;1300;15
1474;1299;20
1475;1104;917
1476;987;854
1477;803;754
1478;146;560
1479;246;581
1480;299;599
1481;626;731
1482;352;620
1483;123;547
1484;336;416
1485;1249;561
1486;1318;561
1487;1263;557
1488;1352;573
1489;1309;576
1490;1311;561
1491;969;588
1492;969;595
1493;958;602
1494;987;579
1495;1034;572
1496;965;598
1497;1314;564
1498;1046;570
1499;976;589
1500;1319;564
1501;995;582
1502;990;578
1503;985;584
1504;1167;597
1505;1430;732
1506;1489;739
1507;1489;730
1508;1525;719
1509;1440;714
1510;1431;712
1511;1428;711
1512;1549;687
1513;1560;686
1514;1538;683
1515;1525;682
1516;1522;680
1517;1520;677
1518;1483;677
1519;1462;676
1520;1506;673
1521;1017;100
1522;455;308
1523;549;305
1524;577;214
1525;573;208
1526;588;208
1527;556;194
1528;547;181
1529;550;168
1530;543;162
1531;538;161
1532;512;157
1533;540;154
1534;460;208
1535;863;91
1536;852;84
1537;740;119
1538;756;321
1539;699;288
1540;841;142
1541;826;139
1542;788;133
1543;857;89
1544;592;204
1545;606;193
1546;929;193
1547;935;190
1548;836;194
1549;828;187
1550;368;354
1551;372;351
1552;368;349
1553;378;348
1554;366;348
1555;415;351
1556;351;346
1557;382;343
1558;363;341
1559;376;336
1560;961;246
1561;953;246
1562;971;246
1563;946;242
1564;929;241
1565;976;241
1566;949;236
1567;983;232
1568;997;217
1569;569;204
1570;574;204
1571;548;173
1572;785;472
1573;953;235
1574;1188;535
1575;1165;534
1576;1327;152
1577;1329;145
1578;1335;128
1579;1329;126
1580;1640;330
1581;1441;208
1582;1430;193
1583;692;413
1584;549;232
1585;547;228
1586;554;225
1587;486;212
1588;503;198
1589;892;732
1590;893;728
1591;892;725
1592;896;720
1593;900;716
1594;904;713
1595;911;710
1596;932;703
1597;952;696
1598;964;691
1599;1421;528
1600;622;49
1601;18;759
1602;56;887
1603;48;845
1604;34;819
1605;41;818
1606;74;919
1607;80;916
1608;94;950
1609;100;947
1610;1506;807
1611;1496;826
1612;1757;878
1613;1800;836
1614;1784;842
1615;1769;840
1616;1757;841
1617;1902;817
1618;1864;818
1619;1588;761
1620;1607;725
1621;964;633
1622;776;692
1623;563;697
1624;969;657
1625;1046;574
1626;970;660
1627;1058;571
1628;967;645
1629;962;627
1630;1079;614
1631;960;621
1632;1607;668
1633;420;607
1634;523;727
1635;409;614
1636;434;633
1637;291;545
1638;344;556
1639;293;551
1640;292;548
1641;456;585
1642;444;638
1643;292;507
1644;1830;807
1645;1614;850
1646;1571;800
1647;1135;758
1648;1405;505
1649;1447;456
1650;1468;439
1651;1421;436
1652;1471;385
1653;1527;809
1654;1448;802
1655;1287;674
1656;1290;670
1657;1039;665
1658;1450;659
1659;1211;615
1660;1217;614
1661;1165;613
1662;1204;612
1663;1222;610
1664;1239;590
1665;973;583
1666;1244;581
1667;1171;562
1668;1485;552
1669;1476;542
1670;1202;538
1671;1191;542
1672;1191;540
1673;1506;519
1674;1441;513
1675;1408;509
1676;1445;495
1677;1447;495
1678;1411;491
1679;1447;491
1680;1408;491
1681;1415;485
1682;1391;483
1683;1394;479
1684;1422;453
1685;853;738
1686;968;669
1687;968;666
1688;954;610
1689;945;605
1690;956;606
1691;938;354
1692;1058;329
1693;925;313
1694;983;790
1695;985;784
1696;1535;741
1697;1011;540
1698;988;540
1699;1004;538
1700;1012;543
1701;1001;537
1702;999;537
1703;1004;546
1704;1015;543
1705;476;402
1706;475;437
1707;1478;924
1708;1459;870
1709;1459;868
1710;1461;868
1711;1455;848
1712;379;340
1713;98;869
1714;1011;866
1715;985;856
1716;989;852
1717;1795;841
1718;966;835
1719;962;830
1720;1099;743
1721;1092;742
1722;1082;740
1723;1104;741
1724;1074;737
1725;1114;729
1726;1123;729
1727;803;725
1728;677;703
1729;786;689
1730;449;689
1731;784;686
1732;1732;667
1733;1754;666
1734;1749;665
1735;1745;664
1736;1914;633
1737;1856;608
1738;1557;608
1739;272;586
1740;249;579
1741;274;578
1742;260;575
1743;761;560
1744;751;558
1745;748;553
1746;723;551
1747;727;546
1748;723;545
1749;715;547
1750;714;544
1751;160;544
1752;150;540
1753;542;539
1754;707;537
1755;531;530
1756;533;529
1757;52;520
1758;531;509
1759;137;484
1760;1466;436
1761;270;415
1762;540;412
1763;1153;388
1764;1187;385
1765;1152;381
1766;1186;378
1767;1134;378
1768;1131;377
1769;1151;376
1770;359;371
1771;1130;376
1772;1185;374
1773;1182;374
1774;1184;373
1775;1185;371
1776;1127;357
1777;361;359
1778;363;354
1779;1182;352
1780;422;349
1781;355;348
1782;416;346
1783;370;333
1784;373;333
1785;771;329
1786;370;327
1787;378;317
1788;372;317
1789;375;306
1790;382;308
1791;649;271
1792;647;257
1793;675;254
1794;645;253
1795;639;247
1796;643;246
1797;638;237
1798;1303;236
1799;1302;231
1800;1309;229
1801;1366;231
1802;1320;228
1803;1307;224
1804;473;220
1805;1291;217
1806;471;217
1807;1297;214
1808;465;212
1809;1303;208
1810;586;208
1811;1500;224
1812;594;207
1813;588;206
1814;586;205
1815;604;202
1816;588;202
1817;606;202
1818;800;201
1819;602;200
1820;603;199
1821;794;197
1822;580;196
1823;582;194
1824;580;194
1825;1674;190
1826;1088;183
1827;1084;178
1828;1279;172
1829;1271;169
1830;1264;166
1831;1286;163
1832;1278;160
1833;1270;157
1834;534;156
1835;544;152
1836;535;151
1837;538;151
1838;1501;131
1839;1234;112
1840;402;66
1841;462;22
1842;445;13
1843;732;154
1844;852;772
1845;822;762
1846;1458;203
1847;1454;205
1848;1449;207
1849;1444;208
1850;1845;953
1851;1873;928
1852;1849;820
1853;398;72
1854;341;72
1855;341;65
1856;343;62
1857;87;19
1858;48;12
1859;79;13
1860;18;3
1861;903;599
1862;1599;814
1863;1584;809
1864;1615;820
1865;1601;815
1866;1503;45
1867;1647;221
1868;1495;56
1869;1657;194
1870;1686;304
1871;1497;74
1872;1744;651
1873;1493;761
1874;1225;575
1875;1187;568
1876;1400;648
1877;1255;908
1878;1487;326
1879;1485;321
1880;1484;318
1881;1476;311
1882;1479;313
1883;1496;262
1884;1542;255
1885;1539;264
1886;1520;262
1887;1520;251
1888;1490;259
1889;1149;613
1890;1098;626
1891;1167;560
1892;1125;609
1893;1123;609
1894;1204;609
1895;1217;687
1896;1256;674
1897;1240;675
1898;1218;685
1899;1243;674
1900;1242;672
1901;1239;677
1902;1261;672
1903;1264;664
1904;1258;674
1905;1262;670
1906;1263;669
1907;534;42
1908;537;39
1909;662;351
1910;629;355
1911;472;124
1912;297;106
1913;306;102
1914;64;222
1915;78;187
1916;1450;586
1917;1069;571
1918;1073;559
1919;1542;445
1920;1520;425
1921;1875;530
1922;1564;799
1923;503;48
1924;1876;820
1925;1903;818
1926;1902;816
1927;1861;816
1928;1790;666
1929;1776;666
1930;1775;666
1931;1802;664
1932;1778;664
1933;1754;664
1934;1747;665
1935;1807;665
1936;1779;659
1937;851;639
1938;853;637
1939;858;634
1940;844;635
1941;846;634
1942;843;631
1943;846;627
1944;1635;626
1945;1616;621
1946;852;617
1947;860;613
1948;861;602
1949;866;600
1950;871;592
1951;456;589
1952;1574;168
1953;1410;669
1954;1601;472
1955;1488;636
1956;1552;566
1957;1484;637
1958;1532;565
1959;1474;543
1960;1509;633
1961;1541;562
1962;1434;668
1963;1551;532
1964;1657;374
1965;1503;757
1966;1554;624
1967;1552;628
1968;1567;754
1969;1550;754
1970;1555;626
1971;1511;756
1972;1487;725
1973;1468;769
1974;1527;800
1975;1507;830
1976;1478;760
1977;1485;752
1978;1487;750
1979;1488;823
1980;1477;862
1981;1480;825
1982;1531;796
1983;1573;755
1984;1561;874
1985;1295;947
1986;1570;870
1987;1542;879
1988;1585;863
1989;1298;934
1990;1297;952
1991;1372;943
1992;1350;946
1993;1375;882
1994;1288;828
1995;1308;814
1996;1408;793
1997;1425;782
1998;1414;733
1999;1420;865
2000;1443;908
2001;1407;798
2002;1310;813
2003;1410;872
2004;1434;845
2005;1434;905
2006;1421;801
2007;1337;808
2008;1292;826
2009;1416;729
2010;1268;831
2011;1397;772
2012;1405;875
2013;1406;803
2014;1358;801
2015;1419;780
2016;1398;780
2017;1303;817
2018;1429;856
2019;1438;835
2020;1400;787
2021;1295;823
2022;1326;809
2023;1318;809
2024;1312;813
2025;1450;913
2026;1425;861
2027;1349;805
2028;1346;806
2029;1376;882
2030;1403;792
2031;1351;827
2032;1366;818
2033;1380;810
2034;1359;823
2035;1410;802
2036;1375;815
2037;1417;801
2038;1424;816
2039;1409;814
2040;1427;791
2041;1417;797
2042;1372;831
2043;1421;794
2044;1419;795
2045;1423;793
2046;1350;828
2047;1399;900
2048;1307;843
2049;1295;829
2050;1305;842
2051;1388;898
2052;1299;834
2053;1303;840
2054;1301;836
2055;1389;748
2056;1315;849
2057;1405;755
2058;1396;769
2059;1527;815
2060;1533;815
2061;1528;813
2062;1532;816
2063;1440;781
2064;1477;919
2065;1335;943
2066;1324;888
2067;1300;947
2068;1263;950
2069;1220;952
2070;1225;951
2071;1231;949
2072;1196;952
2073;1244;905
2074;1235;884
2075;1210;924
2076;1240;912
2077;1241;910
2078;1238;914
2079;1452;805
2080;1449;804
2081;1450;805
2082;1408;721
2083;1614;735
2084;1464;676
2085;1497;672
2086;1452;667
2087;1454;667
2088;1450;666
2089;1418;669
2090;1425;680
2091;1433;668
2092;1427;676
2093;1422;672
2094;1607;667
2095;1590;694
2096;1608;674
2097;1607;676
2098;1608;672
2099;1591;701
2100;1608;671
2101;1605;664
2102;1606;734
2103;1606;677
2104;1590;699
2105;1594;689
2106;1609;732
2107;1597;686
2108;1591;692
2109;1610;733
2110;1590;696
2111;1415;686
2112;1373;717
2113;1345;673
2114;1355;691
2115;1354;687
2116;1354;684
2117;1365;703
2118;1360;672
2119;1206;876
2120;1257;829
2121;1238;826
2122;1258;829
2123;1260;831
2124;1260;829
2125;1258;830
2126;1260;833
2127;1265;826
2128;1262;828
2129;1244;943
2130;1235;948
2131;1248;952
2132;1238;947
2133;1249;952
2134;1237;947
2135;1305;934
2136;1312;934
2137;1314;943
2138;1312;945
2139;1313;944
2140;1313;944
2141;1312;945
2142;1318;945
2143;1315;944
2144;1315;944
2145;1316;944
2146;1316;944
2147;1311;946
2148;1313;944
2149;1314;944
2150;1314;943
2151;1173;803
2152;1181;805
2153;1112;907
2154;1124;866
2155;1124;865
2156;1112;845
2157;1110;886
2158;1115;880
2159;1097;844
2160;1119;844
2161;1085;857
2162;1092;847
2163;1094;845
2164;1095;856
2165;1087;855
2166;1095;857
2167;1093;846
2168;1094;845
2169;1095;845
2170;1094;856
2171;1073;860
2172;1075;860
2173;1091;853
2174;1089;855
2175;1085;856
2176;1094;856
2177;1086;856
2178;1089;855
2179;1076;859
2180;1094;855
2181;1084;857
2182;1069;859
2183;1085;856
2184;1088;855
2185;1086;855
2186;1093;856
2187;1091;852
2188;1074;860
2189;1091;851
2190;1091;849
2191;1092;855
2192;1096;857
2193;1087;855
2194;1090;854
2195;1098;858
2196;1099;858
2197;1094;846
2198;1091;854
2199;1049;804
2200;1048;831
2201;1052;835
2202;1037;823
2203;1062;845
2204;1055;839
2205;1037;820
2206;1046;830
2207;1067;849
2208;1037;822
2209;1105;832
2210;1057;810
2211;1063;797
2212;1106;833
2213;1105;831
2214;1057;809
2215;1088;808
2216;1087;809
2217;1100;811
2218;1101;818
2219;1101;806
2220;1103;792
2221;1100;812
2222;1101;818
2223;1101;796
2224;1093;814
2225;1085;810
2226;1103;798
2227;1099;818
2228;1100;818
2229;1102;796
2230;1098;794
2231;1103;797
2232;1103;798
2233;1084;810
2234;1090;812
2235;1090;811
2236;1094;814
2237;1100;812
2238;1086;810
2239;1098;817
2240;1090;810
2241;1087;809
2242;1090;810
2243;1101;817
2244;1091;812
2245;1099;796
2246;1103;796
2247;1083;773
2248;1100;796
2249;1099;797
2250;1063;799
2251;1063;798
2252;1063;800
2253;1064;801
2254;1064;802
2255;1065;804
2256;1063;801
2257;1146;749
2258;1148;746
2259;1147;747
2260;1147;749
2261;1148;745
2262;1148;744
2263;1134;731
2264;1134;727
2265;1148;743
2266;1134;728
2267;1134;729
2268;1134;730
2269;1135;725
2270;1192;709
2271;1192;703
2272;1198;719
2273;1189;700
2274;1193;710
2275;1201;714
2276;1191;699
2277;1203;714
2278;1191;701
2279;1201;715
2280;1198;713
2281;1202;714
2282;1196;712
2283;1197;722
2284;1199;718
2285;1200;713
2286;1194;711
2287;1200;716
2288;1190;701
2289;1365;267
2290;1199;725
2291;1198;724
2292;1197;723
2293;1200;725
2294;1280;671
2295;1277;670
2296;1140;722
2297;1291;681
2298;1200;693
2299;1299;677
2300;1571;845
2301;1582;836
2302;1658;845
2303;1746;836
2304;1727;849
2305;1840;827
2306;1833;810
2307;1842;823
2308;1727;833
2309;1714;826
2310;1739;828
2311;1834;829
2312;1842;825
2313;1836;813
2314;1838;815
2315;1840;819
2316;1838;829
2317;1751;829
2318;1680;830
2319;1604;898
2320;1569;805
2321;1569;800
2322;1568;801
2323;1568;802
2324;1568;801
2325;1568;804
2326;1568;803
2327;1072;860
2328;1093;846
2329;1691;800
2330;1610;784
2331;1610;782
2332;1611;785
2333;1605;774
2334;1667;795
2335;1669;794
2336;1667;796
2337;1666;797
2338;1603;776
2339;1665;797
2340;1586;768
2341;1606;772
2342;1610;783
2343;1670;794
2344;1585;770
2345;1602;778
2346;1588;766
2347;1615;773
2348;1668;794
2349;1702;787
2350;1671;779
2351;1601;781
2352;1602;781
2353;1606;778
2354;1604;781
2355;1614;771
2356;1606;774
2357;1608;774
2358;1612;771
2359;1607;772
2360;1604;781
2361;1605;776
2362;1599;783
2363;1610;771
2364;1611;771
2365;1609;772
2366;1603;779
2367;1607;770
2368;1600;783
2369;1603;782
2370;1602;783
2371;1607;776
2372;1615;772
2373;1780;795
2374;1843;809
2375;1846;807
2376;1837;809
2377;1842;813
2378;1841;809
2379;1845;808
2380;1851;811
2381;1847;816
2382;1848;803
2383;1848;804
2384;1848;806
2385;1844;809
2386;1840;812
2387;1839;809
2388;1817;743
2389;1738;776
2390;1738;707
2391;1737;709
2392;1739;706
2393;756;571
2394;730;596
2395;738;598
2396;732;650
2397;1485;399
2398;1452;447
2399;1444;496
2400;1411;492
2401;1606;666
2402;1564;634
2403;1573;636
2404;1559;630
2405;1515;628
2406;1511;633
2407;1512;632
2408;364;315
2409;379;286
2410;320;301
2411;391;278
2412;365;313
2413;332;311
2414;319;309
2415;319;313
2416;366;308
2417;338;314
2418;327;307
2419;321;303
2420;395;279
2421;371;298
2422;383;283
2423;376;289
2424;320;300
2425;318;304
2426;320;316
2427;401;279
2428;388;279
2429;320;300
2430;385;270
2431;373;262
2432;336;314
2433;326;315
2434;347;275
2435;360;268
2436;387;279
2437;329;291
2438;369;263
2439;346;284
2440;340;309
2441;342;286
2442;349;273
2443;329;294
2444;334;287
2445;340;286
2446;356;313
2447;1484;621
2448;1407;639
2449;1393;669
2450;1402;661
2451;1390;637
2452;1404;634
2453;1393;634
2454;1398;632
2455;1395;633
2456;1401;633
2457;1386;659
2458;1406;636
2459;1382;669
2460;1409;645
2461;1411;638
2462;1411;621
2463;1408;624
2464;1397;625
2465;1395;623
2466;1394;619
2467;1437;525
2468;1400;626
2469;1425;560
2470;1406;521
2471;1403;626
2472;1405;626
2473;1404;556
2474;1356;613
2475;1359;565
2476;1355;567
2477;1353;568
2478;1356;566
2479;1358;564
2480;1357;565
2481;1349;569
2482;1359;562
2483;1318;560
2484;1246;676
2485;1244;675
2486;1245;676
2487;1277;593
2488;1278;592
2489;1276;594
2490;1276;594
2491;1277;593
2492;1276;596
2493;1279;592
2494;1265;589
2495;1266;588
2496;1264;589
2497;1263;590
2498;1213;630
2499;1210;624
2500;1222;636
2501;1220;634
2502;1211;616
2503;1213;634
2504;1201;692
2505;1215;634
2506;1212;634
2507;1206;640
2508;1210;635
2509;1209;636
2510;1196;689
2511;1220;636
2512;1203;692
2513;1204;692
2514;1193;695
2515;1211;618
2516;1197;691
2517;1195;693
2518;1196;688
2519;1218;635
2520;1216;634
2521;1212;629
2522;1194;694
2523;1200;692
2524;1211;635
2525;1198;691
2526;1164;705
2527;1163;703
2528;1103;613
2529;1106;611
2530;1103;613
2531;1104;612
2532;1206;612
2533;1169;610
2534;1176;608
2535;1220;612
2536;1124;613
2537;1100;612
2538;1113;611
2539;1102;613
2540;1173;609
2541;1167;601
2542;1101;613
2543;1164;611
2544;1151;615
2545;1166;607
2546;1173;608
2547;1099;612
2548;1170;606
2549;1168;604
2550;1166;604
2551;1101;744
2552;1108;725
2553;1111;727
2554;1105;721
2555;1118;730
2556;991;660
2557;965;621
2558;998;666
2559;955;612
2560;982;650
2561;984;654
2562;976;631
2563;978;636
2564;1365;261
2565;1302;260
2566;1302;251
2567;1337;228
2568;1302;269
2569;1365;254
2570;1031;218
2571;1035;212
2572;1032;215
2573;1072;184
2574;769;430
2575;754;418
2576;782;437
2577;749;408
2578;759;424
2579;742;397
2580;796;445
2581;807;451
2582;1059;733
2583;1076;737
2584;1060;734
2585;1072;736
2586;1062;735
2587;1083;737
2588;1059;764
2589;1059;773
2590;1059;736
2591;1058;782
2592;1057;714
2593;1057;790
2594;1056;795
2595;1055;800
2596;1054;800
2597;1052;801
2598;1032;750
2599;1043;776
2600;1047;787
2601;1032;879
2602;997;854
2603;975;822
2604;980;825
2605;973;823
2606;975;822
2607;983;810
2608;979;818
2609;979;819
2610;981;803
2611;976;822
2612;977;822
2613;965;828
2614;981;799
2615;1350;835
2616;1378;829
2617;1378;829
2618;1392;818
2619;1380;825
2620;1381;824
2621;1348;828
2622;1399;816
2623;1379;828
2624;1379;828
2625;1384;822
2626;1379;829
2627;1382;823
2628;1367;866
2629;1356;843
2630;1352;835
2631;1054;903
2632;962;845
2633;1212;923
2634;1212;913
2635;1212;921
2636;969;763
2637;987;771
2638;909;787
2639;911;752
2640;894;787
2641;874;769
2642;854;771
2643;854;771
2644;855;771
2645;858;766
2646;893;786
2647;894;781
2648;893;784
2649;894;777
2650;893;786
2651;855;770
2652;862;765
2653;894;776
2654;893;785
2655;859;765
2656;860;765
2657;861;765
2658;893;776
2659;1403;490
2660;1452;498
2661;1204;926
2662;934;759
2663;895;716
2664;879;747
2665;817;730
2666;828;732
2667;840;735
2668;883;743
2669;877;747
2670;876;747
2671;874;747
2672;321;783
2673;1395;758
2674;1396;758
2675;1404;756
2676;1395;758
2677;1395;765
2678;1403;757
2679;967;605
2680;966;603
2681;966;601
2682;968;606
2683;967;600
2684;975;607
2685;969;607
2686;973;607
2687;971;607
2688;966;604
2689;975;591
2690;993;663
2691;976;595
2692;979;650
2693;981;652
2694;973;645
2695;983;653
2696;973;646
2697;969;629
2698;974;647
2699;976;648
2700;975;648
2701;982;653
2702;977;649
2703;978;649
2704;981;661
2705;980;659
2706;974;626
2707;967;627
2708;965;624
2709;964;625
2710;970;626
2711;987;652
2712;980;643
2713;990;648
2714;982;639
2715;980;638
2716;985;646
2717;984;644
2718;981;638
2719;980;637
2720;991;658
2721;997;658
2722;1008;651
2723;1010;656
2724;1005;651
2725;1007;657
2726;1003;657
2727;1003;654
2728;997;659
2729;1012;655
2730;1012;654
2731;997;662
2732;1002;655
2733;1002;656
2734;1011;653
2735;1011;656
2736;1005;657
2737;1004;653
2738;1010;652
2739;1009;651
2740;1011;653
2741;1006;651
2742;1008;657
2743;998;657
2744;1004;652
2745;996;661
2746;1000;656
2747;988;650
2748;995;638
2749;1004;649
2750;988;654
2751;995;640
2752;999;645
2753;993;645
2754;992;645
2755;989;648
2756;996;636
2757;1003;648
2758;996;644
2759;995;641
2760;988;652
2761;1002;647
2762;995;642
2763;992;645
2764;998;645
2765;991;646
2766;1004;650
2767;994;645
2768;997;645
2769;996;645
2770;990;647
2771;1005;651
2772;990;637
2773;991;643
2774;1025;618
2775;1047;615
2776;1027;603
2777;1017;595
2778;1013;593
2779;1052;639
2780;1025;610
2781;1027;605
2782;1036;637
2783;1027;603
2784;1026;602
2785;1035;635
2786;1048;617
2787;1031;628
2788;1038;638
2789;1025;614
2790;1042;640
2791;1010;588
2792;1020;596
2793;1008;582
2794;1044;640
2795;1011;589
2796;1053;639
2797;1050;640
2798;1025;620
2799;1053;637
2800;1040;639
2801;1017;594
2802;1042;594
2803;1041;592
2804;1014;593
2805;1021;593
2806;1037;591
2807;1016;593
2808;1039;591
2809;1019;593
2810;1035;591
2811;1042;593
2812;967;674
2813;984;583
2814;983;580
2815;1008;578
2816;980;585
2817;994;666
2818;1015;663
2819;1864;834
2820;1857;808
2821;1862;834
2822;1860;834
2823;1881;826
2824;1880;826
2825;1879;826
2826;1775;877
2827;554;1
2828;1574;581
2829;1868;811
2830;1912;798
2831;1899;818
2832;1902;787
2833;1888;739
2834;1915;779
2835;1900;782
2836;1878;740
2837;1888;780
2838;1891;784
2839;1911;780
2840;1884;739
2841;1879;716
2842;1864;801
2843;1858;804
2844;1860;803
2845;1857;806
2846;1809;713
2847;1800;699
2848;1804;700
2849;1878;700
2850;1878;704
2851;39;688
2852;1743;705
2853;1724;700
2854;1792;668
2855;1860;686
2856;1861;684
2857;1873;687
2858;1863;686
2859;1864;687
2860;1868;692
2861;1862;686
2862;1858;688
2863;1869;689
2864;1859;686
2865;1856;689
2866;1865;689
2867;1869;686
2868;1857;689
2869;1861;690
2870;1861;685
2871;1860;685
2872;1857;689
2873;1772;653
2874;1772;653
2875;1780;653
2876;1769;646
2877;1739;661
2878;1738;663
2879;1743;663
2880;1777;665
2881;1737;665
2882;1741;661
2883;1741;655
2884;1856;618
2885;1856;614
2886;1871;607
2887;1846;624
2888;1844;614
2889;1852;615
2890;1865;614
2891;1427;711
2892;1428;709
2893;1431;684
2894;1411;818
2895;1410;818
2896;1409;817
2897;1723;583
2898;1718;603
2899;1718;606
2900;1721;592
2901;1714;612
2902;1724;582
2903;1722;589
2904;1723;586
2905;1582;771
2906;1580;775
2907;1581;773
2908;1583;772
2909;1581;775
2910;1577;778
2911;1585;768
2912;1587;766
2913;1586;764
2914;1584;770
2915;1579;778
2916;1588;763
2917;1580;778
2918;1583;770
2919;1582;773
2920;1586;766
2921;1579;775
2922;1585;766
2923;1584;768
2924;949;818
2925;1247;951
2926;1247;952
2927;1247;951
2928;1372;715
2929;1380;712
2930;1749;649
2931;1566;596
2932;1504;573
2933;1527;603
2934;1504;600
2935;1520;603
2936;1433;534
2937;1430;544
2938;209;95
2939;472;38
2940;1761;616
2941;1763;617
2942;1762;617
2943;1760;616
2944;1759;607
2945;1760;607
2946;1761;607
2947;1762;606
2948;1568;537
2949;1558;548
2950;1556;546
2951;1553;542
2952;1552;534
2953;1540;737
2954;1416;792
2955;1426;792
2956;1512;563
2957;1519;566
2958;1507;549
2959;1510;561
2960;1526;567
2961;1396;579
2962;1293;897
2963;1291;894
2964;1258;905
2965;1259;908
2966;1293;894
2967;1256;906
2968;1257;908
2969;1295;896
2970;1259;841
2971;1257;842
2972;1266;841
2973;1256;844
2974;1264;840
2975;1262;840
2976;1268;842
2977;1229;886
2978;1206;883
2979;1219;886
2980;1156;886
2981;1202;884
2982;1140;885
2983;1158;880
2984;1172;880
2985;1172;878
2986;1155;893
2987;1158;883
2988;1165;874
2989;1140;898
2990;1155;897
2991;1140;883
2992;1154;898
2993;1156;883
2994;1172;883
2995;1265;837
2996;1379;751
2997;1423;724
2998;1419;720
2999;1399;477
3000;1402;483
3001;1401;486
3002;1406;490
3003;1402;486
3004;1401;486
3005;1404;485
3006;1403;486
3007;1402;485
3008;1447;493
3009;1408;512
3010;1410;486
3011;1408;510
3012;1410;491
3013;1445;489
3014;1404;490
3015;1408;511
3016;1404;489
3017;1412;485
3018;1473;476
3019;1466;465
3020;1476;467
3021;1475;466
3022;1466;464
3023;1471;476
3024;1475;465
3025;1466;460
3026;1476;469
3027;1472;463
3028;1474;475
3029;1466;466
3030;1488;471
3031;1468;462
3032;1468;463
3033;1468;463
3034;1468;469
3035;1474;464
3036;1467;460
3037;1469;477
3038;1468;461
3039;1467;463
3040;1467;469
3041;1467;461
3042;1469;469
3043;1466;468
3044;1470;463
3045;1475;474
3046;1471;463
3047;1475;473
3048;1476;471
3049;1444;496
3050;1440;515
3051;1439;515
3052;1450;495
3053;1441;514
3054;1440;514
3055;1452;495
3056;1454;490
3057;1492;467
3058;1489;465
3059;1487;507
3060;1501;518
3061;1487;504
3062;1485;506
3063;1487;505
3064;1487;502
3065;1486;505
3066;1482;506
3067;1489;485
3068;1570;533
3069;1704;521
3070;1707;520
3071;1705;521
3072;1704;523
3073;1728;503
3074;1711;576
3075;1725;532
3076;1728;511
3077;1727;503
3078;1721;549
3079;1719;546
3080;1710;578
3081;1491;466
3082;1318;485
3083;1318;530
3084;1327;471
3085;1251;559
3086;1255;557
3087;1250;558
3088;1260;557
3089;1252;558
3090;1257;557
3091;1210;626
3092;1211;628
3093;1217;556
3094;1222;530
3095;1232;550
3096;1213;568
3097;1253;547
3098;1253;540
3099;1229;484
3100;1214;529
3101;1228;493
3102;1223;509
3103;1219;524
3104;1213;615
3105;1109;739
3106;1126;730
3107;1107;735
3108;1107;734
3109;1106;727
3110;1106;738
3111;1107;740
3112;1104;517
3113;1084;540
3114;1106;576
3115;1112;610
3116;1106;535
3117;1136;579
3118;1112;609
3119;1116;561
3120;1108;533
3121;1105;568
3122;1109;532
3123;1108;588
3124;1139;582
3125;1137;584
3126;1138;584
3127;1101;542
3128;1108;586
3129;1103;535
3130;1111;603
3131;1104;522
3132;1107;523
3133;1111;606
3134;1099;568
3135;1138;580
3136;1104;522
3137;1107;580
3138;1138;583
3139;1111;610
3140;1102;535
3141;1106;574
3142;1102;536
3143;1111;611
3144;1138;580
3145;1101;559
3146;1105;523
3147;1112;610
3148;1107;534
3149;1109;594
3150;1137;579
3151;1112;610
3152;1100;574
3153;1107;523
3154;1083;567
3155;1178;563
3156;1162;537
3157;1162;538
3158;1172;563
3159;1174;564
3160;1177;533
3161;1162;536
3162;1175;564
3163;1181;562
3164;1163;535
3165;1186;534
3166;1164;535
3167;1183;559
3168;1191;541
3169;1184;533
3170;1182;533
3171;1164;551
3172;1169;561
3173;1184;561
3174;1185;560
3175;1191;548
3176;1176;569
3177;1185;566
3178;1171;576
3179;1172;568
3180;1170;559
3181;1185;607
3182;1202;610
3183;1204;610
3184;1201;609
3185;1185;607
3186;1122;609
3187;1119;609
3188;1139;610
3189;1117;610
3190;1277;139
3191;1216;130
3192;1206;132
3193;1185;137
3194;1235;108
3195;1148;143
3196;1101;186
3197;1256;105
3198;1242;107
3199;1192;133
3200;1214;116
3201;1189;135
3202;1216;123
3203;1204;129
3204;1179;140
3205;1180;138
3206;1223;112
3207;1221;131
3208;1221;123
3209;1197;135
3210;1198;128
3211;1207;119
3212;1202;123
3213;1196;133
3214;1494;326
3215;1491;321
3216;1496;368
3217;1265;80
3218;1272;54
3219;1432;686
3220;457;6
3221;1062;553
3222;1063;555
3223;1069;569
3224;1085;526
3225;1065;524
3226;1066;527
3227;1090;518
3228;1075;553
3229;1088;519
3230;1029;564
3231;1028;567
3232;1032;557
3233;980;581
3234;1067;570
3235;972;587
3236;974;585
3237;977;583
3238;1053;549
3239;1046;480
3240;1050;498
3241;1045;479
3242;1047;480
3243;1046;479
3244;995;557
3245;943;540
3246;960;590
3247;963;590
3248;966;590
3249;956;589
3250;952;587
3251;904;576
3252;903;576
3253;905;576
3254;915;594
3255;852;530
3256;845;542
3257;849;532
3258;846;535
3259;842;546
3260;922;559
3261;855;529
3262;876;529
3263;861;528
3264;873;528
3265;878;532
3266;866;527
3267;845;546
3268;845;538
3269;61;382
3270;15;353
3271;27;380
3272;65;379
3273;87;331
3274;48;382
3275;1;379
3276;44;355
3277;73;364
3278;0;354
3279;210;30
3280;461;391
3281;225;358
3282;458;184
3283;467;176
3284;445;247
3285;490;198
3286;450;189
3287;486;203
3288;443;248
3289;444;242
3290;497;196
3291;454;233
3292;494;197
3293;447;238
3294;462;182
3295;481;209
3296;558;48
3297;538;137
3298;488;125
3299;528;138
3300;570;127
3301;599;99
3302;544;41
3303;473;103
3304;507;134
3305;481;67
3306;597;104
3307;513;45
3308;591;89
3309;589;73
3310;522;43
3311;539;43
3312;578;59
3313;1493;354
3314;1487;445
3315;1357;834
3316;1359;843
3317;1426;817
3318;1418;817
3319;1412;814
3320;1416;813
3321;1413;797
3322;1415;811
3323;1415;812
3324;1417;813
3325;1413;812
3326;1412;806
3327;1413;813
3328;1416;799
3329;1412;800
3330;1416;810
3331;1416;806
3332;1414;813
3333;1414;795
3334;1415;812
3335;1413;811
3336;1414;812
3337;1413;810
3338;1448;808
3339;1447;807
3340;1422;780
3341;1410;791
3342;1424;780
3343;1420;780
3344;1417;781
3345;1479;864
3346;1477;884
3347;1482;823
3348;1485;822
3349;1481;824
3350;1509;829
3351;1511;829
3352;1483;822
3353;1514;832
3354;1510;829
3355;1545;815
3356;1479;863
3357;1478;862
3358;1658;850
3359;1579;842
3360;1649;853
3361;1588;846
3362;1662;850
3363;1668;850
3364;1578;841
3365;1609;853
3366;1598;850
3367;1552;826
3368;1624;855
3369;1637;855
3370;1375;881
3371;1433;825
3372;1162;856
3373;1575;578
3374;1016;894
3375;1050;908
3376;1053;912
3377;1046;903
3378;1101;931
3379;1049;910
3380;1061;901
3381;1045;907
3382;1016;897
3383;1044;901
3384;1128;937
3385;1059;910
3386;1057;912
3387;1060;909
3388;1057;912
3389;1129;938
3390;1058;911
3391;1127;940
3392;1045;906
3393;1020;891
3394;1057;899
3395;1022;891
3396;1045;908
3397;1045;902
3398;1057;906
3399;1046;904
3400;1056;913
3401;1063;910
3402;1061;909
3403;1046;909
3404;1016;895
3405;1015;896
3406;1129;940
3407;1053;914
3408;1019;892
3409;1128;940
3410;1129;939
3411;1055;913
3412;1082;917
3413;1058;904
3414;949;858
3415;1013;889
3416;1013;889
3417;948;861
3418;948;859
3419;1005;896
3420;1003;895
3421;992;889
3422;992;887
3423;950;858
3424;951;860
3425;991;888
3426;1012;890
3427;1005;896
3428;965;843
3429;991;888
3430;974;874
3431;998;881
3432;1007;895
3433;950;859
3434;1012;888
3435;994;885
3436;950;858
3437;1001;881
3438;948;860
3439;948;862
3440;950;857
3441;999;881
3442;1000;880
3443;1029;695
3444;1025;694
3445;1024;694
3446;1029;694
3447;934;758
3448;964;763
3449;938;759
3450;1029;742
3451;515;145
3452;563;139
3453;951;607
3454;955;602
3455;952;604
3456;827;667
3457;848;664
3458;828;672
3459;856;669
3460;828;672
3461;827;671
3462;884;650
3463;867;662
3464;885;650
3465;871;672
3466;831;664
3467;869;663
3468;869;664
3469;830;672
3470;868;663
3471;878;652
3472;846;664
3473;845;664
3474;866;662
3475;884;647
3476;884;647
3477;842;663
3478;879;656
3479;883;647
3480;870;662
3481;827;668
3482;855;664
3483;829;664
3484;827;666
3485;828;665
3486;878;651
3487;839;654
3488;853;665
3489;848;660
3490;838;655
3491;833;665
3492;843;654
3493;861;662
3494;847;655
3495;848;654
3496;831;667
3497;830;667
3498;840;661
3499;862;663
3500;842;654
3501;850;654
3502;848;653
3503;840;658
3504;834;663
3505;869;596
3506;868;597
3507;846;629
3508;846;630
3509;847;630
3510;865;604
3511;843;634
3512;844;633
3513;843;633
3514;749;636
3515;826;643
3516;816;658
3517;810;657
3518;810;636
3519;826;642
3520;815;637
3521;809;637
3522;804;655
3523;796;652
3524;799;653
3525;811;636
3526;820;639
3527;815;658
3528;747;635
3529;744;635
3530;825;641
3531;817;658
3532;824;684
3533;822;665
3534;822;667
3535;824;683
3536;832;646
3537;822;663
3538;824;688
3539;828;658
3540;790;731
3541;787;735
3542;799;735
3543;787;735
3544;789;731
3545;800;735
3546;765;745
3547;768;699
3548;870;684
3549;759;566
3550;715;592
3551;765;567
3552;759;564
3553;746;586
3554;753;583
3555;763;567
3556;762;568
3557;764;567
3558;674;542
3559;673;543
3560;672;550
3561;672;549
3562;664;581
3563;657;579
3564;672;551
3565;671;548
3566;675;538
3567;661;580
3568;681;585
3569;671;553
3570;666;567
3571;668;550
3572;670;548
3573;671;549
3574;668;549
3575;669;549
3576;623;676
3577;622;677
3578;619;676
3579;619;676
3580;621;677
3581;620;677
3582;619;675
3583;622;677
3584;709;663
3585;706;673
3586;712;660
3587;735;648
3588;717;657
3589;736;624
3590;739;639
3591;739;642
3592;630;688
3593;726;622
3594;735;614
3595;725;622
3596;670;681
3597;730;615
3598;651;685
3599;624;675
3600;738;644
3601;697;656
3602;727;621
3603;654;676
3604;679;681
3605;737;617
3606;683;668
3607;736;615
3608;639;677
3609;719;616
3610;731;614
3611;733;614
3612;630;676
3613;728;619
3614;702;654
3615;647;677
3616;723;621
3617;719;618
3618;706;669
3619;707;666
3620;709;651
3621;719;615
3622;618;689
3623;614;688
3624;612;686
3625;610;679
3626;621;670
3627;658;684
3628;611;673
3629;610;683
3630;614;671
3631;610;676
3632;616;671
3633;624;689
3634;619;670
3635;648;601
3636;640;622
3637;649;610
3638;633;650
3639;645;620
3640;625;670
3641;710;651
3642;590;631
3643;589;667
3644;588;631
3645;589;631
3646;586;632
3647;591;632
3648;586;631
3649;585;633
3650;585;632
3651;706;689
3652;693;679
3653;706;674
3654;703;676
3655;702;677
3656;697;686
3657;707;689
3658;704;689
3659;695;684
3660;694;683
3661;693;680
3662;693;679
3663;694;678
3664;705;675
3665;699;687
3666;701;688
3667;705;676
3668;716;689
3669;750;687
3670;735;688
3671;677;670
3672;669;672
3673;692;677
3674;737;617
3675;716;658
3676;723;654
3677;186;189
3678;329;55
3679;462;75
3680;361;65
3681;461;83
3682;762;693
3683;475;81
3684;1879;744
3685;581;610
3686;586;603
3687;573;597
3688;575;598
3689;583;580
3690;568;603
3691;590;579
3692;547;692
3693;541;691
3694;552;694
3695;554;694
3696;501;650
3697;509;653
3698;504;650
3699;471;652
3700;537;677
3701;423;654
3702;506;651
3703;558;693
3704;455;653
3705;546;685
3706;420;623
3707;757;686
3708;782;686
3709;759;687
3710;538;677
3711;755;685
3712;584;578
3713;569;580
3714;588;578
3715;560;577
3716;561;578
3717;562;573
3718;561;573
3719;578;580
3720;544;518
3721;558;511
3722;575;546
3723;582;545
3724;542;517
3725;569;543
3726;539;516
3727;546;519
3728;585;539
3729;584;543
3730;547;520
3731;547;516
3732;546;517
3733;553;512
3734;546;515
3735;585;541
3736;560;512
3737;555;511
3738;572;545
3739;543;516
3740;545;519
3741;549;514
3742;579;546
3743;533;554
3744;536;554
3745;516;562
3746;512;548
3747;530;554
3748;540;552
3749;511;548
3750;510;552
3751;522;553
3752;511;548
3753;530;553
3754;519;550
3755;527;554
3756;510;552
3757;525;554
3758;518;550
3759;540;552
3760;518;556
3761;539;539
3762;540;537
3763;534;524
3764;540;521
3765;598;489
3766;595;489
3767;597;489
3768;602;486
3769;594;488
3770;542;495
3771;536;500
3772;559;493
3773;550;493
3774;537;458
3775;532;469
3776;515;501
3777;536;461
3778;523;507
3779;520;507
3780;517;505
3781;537;461
3782;531;507
3783;538;461
3784;542;458
3785;533;467
3786;533;472
3787;543;458
3788;546;459
3789;541;460
3790;536;462
3791;539;461
3792;536;459
3793;544;458
3794;555;492
3795;557;492
3796;553;492
3797;439;654
3798;647;537
3799;633;544
3800;549;429
3801;552;428
3802;554;426
3803;550;429
3804;547;429
3805;512;437
3806;514;440
3807;513;439
3808;522;434
3809;513;438
3810;521;443
3811;521;441
3812;513;439
3813;516;432
3814;466;512
3815;450;526
3816;462;513
3817;452;516
3818;453;521
3819;438;537
3820;436;540
3821;459;529
3822;448;526
3823;446;527
3824;441;533
3825;461;529
3826;456;527
3827;452;526
3828;448;525
3829;463;516
3830;449;579
3831;722;932
3832;277;929
3833;348;961
3834;298;950
3835;305;948
3836;364;967
3837;363;965
3838;477;867
3839;246;927
3840;282;920
3841;248;930
3842;297;912
3843;456;590
3844;970;662
3845;956;615
3846;959;626
3847;974;665
3848;966;657
3849;982;668
3850;976;666
3851;979;667
3852;972;664
3853;497;958
3854;499;942
3855;505;924
3856;510;905
3857;505;890
3858;497;878
3859;487;871
3860;459;858
3861;442;853
3862;428;853
3863;417;855
3864;409;858
3865;397;861
3866;385;862
3867;376;862
3868;370;859
3869;356;855
3870;343;849
3871;322;836
3872;316;830
3873;307;819
3874;303;805
3875;297;779
3876;297;775
3877;352;455
3878;465;437
3879;423;426
3880;419;426
3881;418;428
3882;416;430
3883;397;469
3884;358;389
3885;366;404
3886;373;411
3887;379;414
3888;393;418
3889;410;422
3890;423;631
3891;421;634
3892;416;627
3893;409;631
3894;419;624
3895;414;629
3896;428;653
3897;431;654
3898;422;656
3899;417;660
3900;420;658
3901;415;654
3902;1355;673
3903;1291;680
3904;1586;760
3905;1205;691
3906;1195;690
3907;1242;580
3908;1351;569
3909;1893;784
3910;682;533
3911;744;617
3912;743;629
3913;748;606
3914;682;537
3915;682;536
3916;701;540
3917;708;541
3918;703;539
3919;698;541
3920;707;544
3921;656;484
3922;629;462
3923;668;474
3924;665;472
3925;668;473
3926;694;471
3927;687;472
3928;693;470
3929;664;469
3930;666;473
3931;664;472
3932;647;465
3933;650;463
3934;657;471
3935;653;478
3936;648;477
3937;643;472
3938;657;482
3939;644;473
3940;656;474
3941;647;477
3942;656;480
3943;653;470
3944;654;478
3945;646;476
3946;650;478
3947;654;473
3948;643;470
3949;657;483
3950;653;477
3951;654;475
3952;657;472
3953;645;475
3954;655;476
3955;652;478
3956;651;477
3957;653;478
3958;657;473
3959;656;483
3960;656;475
3961;645;468
3962;654;474
3963;655;479
3964;656;480
3965;630;545
3966;648;397
3967;649;401
3968;647;395
3969;659;415
3970;656;412
3971;663;424
3972;662;418
3973;661;417
3974;662;434
3975;663;420
3976;663;430
3977;658;414
3978;657;453
3979;649;462
3980;651;462
3981;644;461
3982;646;462
3983;647;462
3984;643;459
3985;612;447
3986;642;497
3987;621;469
3988;641;496
3989;643;497
3990;641;497
3991;640;495
3992;628;482
3993;613;455
3994;646;492
3995;622;388
3996;603;415
3997;605;436
3998;611;399
3999;605;409
4000;605;392
4001;610;389
4002;618;387
4003;621;386
4004;606;391
4005;603;394
4006;613;388
4007;608;390
4008;602;396
4009;630;385
4010;635;385
4011;643;390
4012;594;414
4013;596;410
4014;594;422
4015;593;421
4016;595;422
4017;594;418
4018;566;426
4019;586;441
4020;570;424
4021;550;419
4022;576;435
4023;550;417
4024;552;416
4025;565;427
4026;556;415
4027;567;425
4028;597;386
4029;671;348
4030;669;349
4031;726;540
4032;753;506
4033;726;545
4034;725;541
4035;725;542
4036;811;469
4037;725;544
4038;1185;345
4039;1442;711
4040;1470;678
4041;1460;713
4042;1484;716
4043;1434;710
4044;1218;412
4045;1220;411
4046;1228;412
4047;1227;418
4048;1218;417
4049;1217;414
4050;1205;408
4051;1214;563
4052;1216;559
4053;1548;564
4054;1257;285
4055;1255;295
4056;1255;297
4057;1256;297
4058;1257;297
4059;1259;295
4060;1268;267
4061;1258;297
4062;1754;383
4063;1781;383
4064;1688;491
4065;1705;456
4066;1717;430
4067;1038;453
4068;1038;464
4069;1039;472
4070;1062;442
4071;1044;411
4072;1054;427
4073;1047;415
4074;1220;456
4075;1203;460
4076;1225;410
4077;1226;420
4078;1228;411
4079;1227;420
4080;1209;413
4081;1208;412
4082;1210;414
4083;1216;416
4084;1216;413
4085;1226;410
4086;1219;418
4087;1213;413
4088;1211;412
4089;1234;432
4090;1236;405
4091;1207;421
4092;1234;403
4093;1234;427
4094;1237;402
4095;1236;407
4096;1227;429
4097;1202;412
4098;1239;401
4099;1230;403
4100;1232;402
4101;1236;404
4102;1229;429
4103;1231;428
4104;1233;427
4105;1204;418
4106;1208;407
4107;1205;420
4108;1236;406
4109;1235;426
4110;1235;404
4111;1238;401
4112;1202;415
4113;1313;462
4114;1319;461
4115;1314;478
4116;1322;473
4117;1203;404
4118;1190;400
4119;1161;398
4120;1185;401
4121;1185;407
4122;1189;410
4123;1191;410
4124;1162;397
4125;1161;400
4126;1187;410
4127;1188;401
4128;1203;407
4129;1189;396
4130;1190;397
4131;1197;409
4132;1160;399
4133;1185;405
4134;1186;409
4135;1188;396
4136;1189;401
4137;1187;365
4138;1188;365
4139;1201;390
4140;1184;365
4141;1201;399
4142;1202;401
4143;1198;391
4144;1201;389
4145;1198;391
4146;1201;389
4147;1199;390
4148;1185;345
4149;1188;358
4150;1181;348
4151;1127;353
4152;1211;527
4153;1199;516
4154;1211;528
4155;1422;447
4156;1415;451
4157;1418;449
4158;1417;451
4159;1420;448
4160;1361;486
4161;1421;440
4162;1413;441
4163;1429;423
4164;1424;420
4165;1408;310
4166;1408;305
4167;1444;461
4168;1422;458
4169;1426;459
4170;1442;461
4171;1438;462
4172;1447;460
4173;1430;461
4174;1459;381
4175;186;944
4176;196;937
4177;204;945
4178;1480;427
4179;1479;428
4180;1488;420
4181;1488;420
4182;1478;430
4183;1481;430
4184;1478;429
4185;1491;422
4186;1487;441
4187;1486;420
4188;1484;441
4189;1486;420
4190;1480;429
4191;1487;420
4192;1478;431
4193;1480;428
4194;1487;408
4195;1494;418
4196;1475;393
4197;1466;389
4198;1463;387
4199;1472;442
4200;1449;451
4201;1422;433
4202;1485;410
4203;1485;407
4204;1485;408
4205;1474;399
4206;1442;411
4207;1483;404
4208;1439;410
4209;1490;338
4210;1504;378
4211;1496;337
4212;1465;320
4213;1460;377
4214;1468;382
4215;1461;321
4216;1463;375
4217;1512;307
4218;1511;306
4219;1512;311
4220;1510;306
4221;1512;308
4222;1512;307
4223;1530;308
4224;1533;306
4225;1532;307
4226;1531;307
4227;1530;308
4228;1530;311
4229;1558;350
4230;1556;351
4231;1557;350
4232;1560;350
4233;1554;354
4234;1423;363
4235;1421;364
4236;1422;364
4237;1422;364
4238;518;555
4239;513;548
4240;510;551
4241;518;555
4242;470;607
4243;463;611
4244;454;594
4245;413;610
4246;450;597
4247;451;643
4248;452;617
4249;926;478
4250;914;477
4251;891;480
4252;917;479
4253;930;477
4254;982;807
4255;986;828
4256;1040;873
4257;899;784
4258;990;773
4259;990;772
4260;988;778
4261;989;772
4262;1123;895
4263;990;772
4264;990;774
4265;1057;841
4266;990;774
4267;1566;406
4268;1567;407
4269;1566;403
4270;1567;402
4271;1565;405
4272;1571;408
4273;1565;404
4274;1565;406
4275;1701;683
4276;1642;719
4277;1689;691
4278;1671;705
4279;1558;613
4280;1728;500
4281;1727;500
4282;1579;735
4283;1522;748
4284;1525;746
4285;1566;761
4286;1538;788
4287;1488;747
4288;1489;726
4289;1490;734
4290;1488;726
4291;1487;748
4292;1472;766
4293;1455;778
4294;1450;786
4295;1487;747
4296;1458;776
4297;1489;727
4298;1553;687
4299;1465;678
4300;1561;687
4301;1482;674
4302;1492;673
4303;1463;677
4304;1501;672
4305;1539;681
4306;1529;680
4307;1552;687
4308;1475;836
4309;1532;882
4310;1553;877
4311;1636;809
4312;1646;811
4313;1590;847
4314;1636;769
4315;1637;786
4316;1630;784
4317;1858;832
4318;1803;666
4319;1633;429
4320;1625;430
4321;1630;429
4322;1628;429
4323;1535;426
4324;1552;370
4325;1618;403
4326;1606;400
4327;1613;402
4328;1642;327
4329;1628;313
4330;1643;326
4331;1642;329
4332;1643;324
4333;1641;321
4334;1639;319
4335;1625;312
4336;1616;308
4337;1642;323
4338;1636;317
4339;1633;315
4340;1621;310
4341;1615;364
4342;1619;356
4343;1616;362
4344;1635;356
4345;1617;359
4346;1617;354
4347;1626;357
4348;1621;356
4349;1618;355
4350;1630;357
4351;1618;357
4352;1618;357
4353;1629;357
4354;1620;356
4355;1617;353
4356;1619;365
4357;1623;362
4358;1690;317
4359;1693;314
4360;1688;320
4361;1690;313
4362;1696;311
4363;1699;309
4364;1640;312
4365;1651;326
4366;1633;311
4367;743;630
4368;982;879
4369;1605;426
4370;1704;457
4371;1723;497
4372;1723;499
4373;1722;499
4374;1724;497
4375;372;342
4376;453;434
4377;440;350
4378;360;345
4379;398;467
4380;327;423
4381;370;346
4382;324;420
4383;369;350
4384;399;464
4385;456;199
4386;374;344
4387;362;397
4388;381;301
4389;375;307
4390;458;436
4391;66;510
4392;322;518
4393;59;504
4394;103;518
4395;309;491
4396;71;482
4397;61;490
4398;58;498
4399;70;512
4400;491;462
4401;1420;716
4402;1424;681
4403;1414;718
4404;1528;607
4405;1527;604
4406;1641;307
4407;639;376
4408;474;481
4409;537;413
4410;1202;411
4411;628;364
4412;1719;303
4413;1640;310
4414;1690;309
4415;795;571
4416;839;583
4417;1084;613
4418;777;566
4419;1083;654
4420;1080;618
4421;1087;646
4422;966;659
4423;959;629
4424;1162;12
4425;1123;45
4426;1242;25
4427;1236;3
4428;841;51
4429;1226;159
4430;1421;707
4431;1213;688
4432;1196;687
4433;1402;573
4434;1408;477
4435;1459;439
4436;1423;455
4437;1459;386
4438;1418;587
4439;1433;515
4440;1396;510
4441;1377;670
4442;1414;512
4443;1186;700
4444;1450;517
4445;1409;630
4446;1452;481
4447;1451;383
4448;1392;628
4449;1295;678
4450;1458;517
4451;1355;676
4452;1422;685
4453;1246;106
4454;1070;105
4455;1070;102
4456;1080;97
4457;1098;103
4458;1084;127
4459;1053;119
4460;1056;126
4461;1063;134
4462;1076;125
4463;1729;95
4464;1751;94
4465;1754;90
4466;1784;89
4467;1733;95
4468;1158;195
4469;1165;173
4470;1161;172
4471;1156;162
4472;1159;192
4473;1155;145
4474;1174;147
4475;1206;156
4476;1207;159
4477;1203;166
4478;1190;169
4479;1169;164
4480;1161;159
4481;1168;151
4482;1163;148
4483;1168;3
4484;1171;11
4485;1178;15
4486;1167;6
4487;1128;85
4488;1151;90
4489;1122;100
4490;1141;104
4491;1125;100
4492;1119;118
4493;1131;75
4494;1152;80
4495;1154;79
4496;1168;82
4497;1167;86
4498;1073;100
4499;1107;35
4500;1100;50
4501;1104;40
4502;1096;64
4503;1096;76
4504;1102;77
4505;967;29
4506;970;31
4507;980;26
4508;993;25
4509;992;21
4510;995;18
4511;995;16
4512;1013;15
4513;1013;19
4514;977;23
4515;980;22
4516;993;21
4517;979;22
4518;976;15
4519;992;11
4520;971;16
4521;986;80
4522;991;80
4523;995;80
4524;1024;81
4525;1024;79
4526;1010;38
4527;1009;37
4528;1007;36
4529;986;37
4530;984;38
4531;983;39
4532;982;41
4533;983;49
4534;984;52
4535;988;51
4536;989;52
4537;992;73
4538;1048;81
4539;1026;81
4540;1019;65
4541;1009;65
4542;1012;44
4543;1002;44
4544;1016;56
4545;993;82
4546;768;928
4547;235;530
4548;223;524
4549;277;550
4550;259;550
4551;268;548
4552;258;553
4553;260;555
4554;266;563
4555;118;362
4556;108;411
4557;439;521
4558;435;519
4559;432;518
4560;429;519
4561;428;520
4562;426;521
4563;424;522
4564;421;522
4565;418;522
4566;415;522
4567;412;521
4568;410;520
4569;407;519
4570;405;517
4571;402;515
4572;402;514
4573;400;513
4574;398;512
4575;396;512
4576;389;511
4577;379;509
4578;370;508
4579;362;506
4580;357;505
4581;354;502
4582;352;500
4583;352;499
4584;351;497
4585;351;496
4586;353;494
4587;354;493
4588;356;492
4589;357;492
4590;360;491
4591;364;492
4592;1642;477
4593;1875;529
4594;1678;486
4595;1521;424
4596;1629;474
4597;1512;403
4598;1543;445
4599;1562;454
4600;1916;799
4601;1910;721
4602;1905;718
4603;1249;941
4604;1310;934
4605;1209;925
4606;1310;920
4607;1235;915
4608;1282;832
4609;1264;831
4610;1282;814
4611;1538;805
4612;1530;801
4613;1529;800
4614;1529;798
4615;1366;796
4616;1309;794
4617;1557;787
4618;1562;783
4619;1566;778
4620;1471;768
4621;1493;761
4622;1582;759
4623;1361;756
4624;948;754
4625;946;754
4626;1486;750
4627;1418;722
4628;552;717
4629;1431;711
4630;681;706
4631;1799;695
4632;1197;690
4633;824;686
4634;1292;679
4635;445;676
4636;1288;673
4637;1290;671
4638;961;625
4639;962;625
4640;958;614
4641;1008;579
4642;1352;568
4643;1729;511
4644;1424;459
4645;1871;809
4646;1856;616
4647;1856;613
4648;1356;670
4649;1356;667
4650;1007;861
4651;986;855
4652;964;844
4653;968;837
4654;1001;833
4655;999;832
4656;981;804
4657;913;798
4658;893;785
4659;855;771
4660;803;754
4661;804;753
4662;911;752
4663;650;732
4664;641;732
4665;792;718
4666;677;703
4667;521;701
4668;556;694
4669;789;691
4670;544;691
4671;785;688
4672;465;687
4673;824;686
4674;464;685
4675;967;677
4676;538;676
4677;539;675
4678;752;673
4679;978;672
4680;960;671
4681;981;668
4682;981;667
4683;993;665
4684;997;664
4685;993;664
4686;997;664
4687;412;662
4688;408;659
4689;970;659
4690;414;658
4691;440;656
4692;417;656
4693;420;654
4694;410;654
4695;981;643
4696;746;635
4697;358;630
4698;963;628
4699;723;621
4700;338;619
4701;356;615
4702;447;599
4703;730;597
4704;734;597
4705;869;595
4706;705;590
4707;699;589
4708;979;586
4709;455;583
4710;904;576
4711;770;568
4712;767;568
4713;535;554
4714;412;552
4715;410;547
4716;712;544
4717;693;541
4718;675;540
4719;726;540
4720;1006;539
4721;645;538
4722;654;535
4723;707;532
4724;531;526
4725;533;525
4726;543;519
4727;545;518
4728;628;516
4729;622;515
4730;446;514
4731;559;512
4732;530;507
4733;530;507
4734;530;507
4735;551;497
4736;556;492
4737;595;489
4738;600;488
4739;928;477
4740;690;472
4741;683;471
4742;690;470
4743;660;454
4744;671;444
4745;513;439
4746;514;438
4747;679;436
4748;519;433
4749;555;425
4750;530;416
4751;598;386
4752;626;379
4753;680;370
4754;669;366
4755;685;362
4756;369;348
4757;371;344
4758;753;339
4759;1161;959
4760;1166;959
4761;1155;957
4762;1170;954
4763;1154;954
4764;1170;953
4765;1299;951
4766;1303;951
4767;1137;950
4768;1141;949
4769;1333;948
4770;1336;947
4771;1304;946
4772;1348;946
4773;1116;945
4774;1330;943
4775;1168;943
4776;1374;943
4777;1108;943
4778;1165;942
4779;1379;937
4780;1181;934
4781;1212;919
4782;1204;910
4783;1060;903
4784;1056;901
4785;1244;897
4786;1314;888
4787;1156;885
4788;1140;885
4789;1224;883
4790;1172;881
4791;1158;881
4792;1028;875
4793;1124;866
4794;1239;826
4795;1418;817
4796;1387;803
4797;1411;789
4798;1427;788
4799;1412;787
4800;1426;786
4801;1243;673
4802;1238;672
4803;1239;671
4804;1264;660
4805;1233;641
4806;1102;614
4807;1102;614
4808;1205;605
4809;1207;593
4810;1059;571
4811;1223;549
4812;1222;549
4813;1013;542
4814;1083;540
4815;1080;540
4816;1048;487
4817;1046;480
4818;1418;441
4819;1427;421
4820;1206;411
4821;1205;411
4822;1197;409
4823;1203;405
4824;1185;365
4825;1423;364
4826;1130;356
4827;1154;354
4828;1408;309
4829;1461;922
4830;1527;882
4831;1479;827
4832;1443;799
4833;1596;687
4834;1853;615
4835;1558;612
4836;1559;610
4837;1517;602
4838;1724;583
4839;1710;576
4840;1550;565
4841;1493;563
4842;1562;550
4843;1559;548
4844;1552;534
4845;1552;533
4846;1539;529
4847;1489;517
4848;1488;515
4849;1728;502
4850;1727;502
4851;1724;498
4852;1722;497
4853;1689;490
4854;1689;489
4855;1491;472
4856;1490;471
4857;1491;467
4858;1487;464
4859;1460;451
4860;1454;448
4861;1481;444
4862;1487;443
4863;1485;443
4864;1487;442
4865;1484;442
4866;1537;424
4867;1490;413
4868;1441;411
4869;1488;410
4870;1484;406
4871;1616;362
4872;1530;310
4873;1512;310
4874;1640;308
4875;353;619
4876;310;597
4877;154;561
4878;1157;138
4879;1108;125
4880;1126;85
4881;993;80
4882;414;52
4883;418;38
4884;421;29
4885;464;26
4886;36;6
4887;37;2
4888;865;56
4889;1132;130
4890;1503;365
4891;1441;783
4892;1506;377
4893;1498;337
4894;1497;330
4895;1496;326
4896;1493;321
4897;1489;317
4898;1479;311
4899;1257;175
4900;1227;158
4901;1210;152
4902;1158;137
4903;1109;124
4904;1096;120
4905;1088;118
4906;1018;99
4907;1000;92
4908;962;75
4909;946;69
4910;928;64
4911;916;62
4912;875;58
4913;856;54
4914;842;50
4915;829;43
4916;786;17
4917;762;7
4918;755;4
4919;1764;952
4920;1839;949
4921;1872;947
4922;1456;925
4923;1459;869
4924;1461;869
4925;1533;814
4926;1531;813
4927;1528;812
4928;362;963
4929;301;950
4930;344;948
4931;267;934
4932;278;934
4933;346;933
4934;334;925
4935;268;924
4936;265;921
4937;1029;694
4938;1025;694
4939;1401;663
4940;1354;577
4941;1310;574
4942;1058;328
4943;1065;329
4944;1061;333
4945;1102;321
4946;1101;327
4947;1092;323
4948;1095;330
4949;550;46
4950;495;53
4951;558;133
4952;585;66
4953;1234;826
4954;1363;701
4955;1351;672
4956;578;256
4957;578;259
4958;577;260
4959;568;263
4960;548;264
4961;572;262
4962;551;329
4963;557;318
4964;562;308
4965;562;306
4966;562;304
4967;558;298
4968;557;295
4969;557;356
4970;1393;733
4971;1428;707
4972;1429;703
4973;1422;701
4974;1429;700
4975;1419;698
4976;1420;687
4977;1430;686
4978;1422;687
4979;1431;685
4980;1384;669
4981;1400;669
4982;1405;649
4983;1408;648
4984;1476;642
4985;1411;635
4986;1408;632
4987;1454;588
4988;1454;588
4989;1444;587
4990;1454;587
4991;1446;586
4992;1447;585
4993;1415;545
4994;1504;125
4995;1429;732
4996;1489;366
4997;1446;808
4998;1437;765
4999;1413;686
5000;1398;648
5001;1419;528
5002;1465;423
5003;1483;392
5004;1491;353
5005;1497;313
5006;1495;366
5007;1744;466
5008;1794;500
5009;1782;481
5010;1781;480
5011;1785;481
5012;1786;478
5013;1794;501
5014;1792;502
5015;1792;500
5016;1784;480
5017;1784;481
5018;1785;479
5019;1787;482
5020;1746;505
5021;1756;507
5022;1360;757
5023;1360;756
5024;1747;466
5025;1662;416
5026;1660;405
5027;1673;409
5028;1670;417
5029;1658;413
5030;1668;407
5031;1665;405
5032;1665;416
5033;1670;415
5034;1670;422
5035;1670;427
5036;1670;419
5037;1672;406
5038;1669;405
5039;1670;410
5040;1673;411
5041;1661;415
5042;1657;409
5043;1670;412
5044;1657;411
5045;1658;407
5046;1662;405
5047;1670;429
5048;1671;415
5049;1655;387
5050;1650;386
5051;1521;446
5052;1584;599
5053;1564;596
5054;1583;601
5055;1569;598
5056;1577;579
5057;1584;567
5058;1583;566
5059;1553;539
5060;1491;473
5061;1494;473
5062;1615;379
5063;1610;378
5064;1684;381
5065;1685;379
5066;1718;354
5067;1648;429
5068;1646;436
5069;1647;432
5070;1624;381
5071;1643;445
5072;1628;393
5073;1625;392
5074;1630;395
5075;1653;483
5076;1637;449
5077;1636;449
5078;1617;443
5079;1622;445
5080;1728;531
5081;1704;527
5082;1729;520
5083;1727;528
5084;1724;528
5085;1707;529
5086;1727;520
5087;1730;521
5088;1729;526
5089;1705;528
5090;1706;529
5091;1730;522
5092;1752;511
5093;1800;571
5094;1809;569
5095;1796;571
5096;1812;568
5097;1757;559
5098;1768;557
5099;1760;558
5100;1799;533
5101;1786;534
5102;1790;533
5103;1802;532
5104;1769;535
5105;1754;536
5106;1758;535
5107;1766;535
5108;1824;606
5109;1799;523
5110;1871;689
5111;1870;690
5112;1869;691
5113;1869;693
5114;1871;686
5115;1864;690
5116;1866;691
5117;288;972
5118;191;822
5119;163;782
5120;171;788
5121;115;745
5122;286;932
5123;313;971
5124;131;783
5125;212;941
5126;116;783
5127;90;726
5128;270;960
5129;274;926
5130;284;962
5131;160;780
5132;204;936
5133;145;782
5134;244;904
5135;255;933
5136;244;924
5137;316;954
5138;253;934
5139;314;949
5140;296;966
5141;247;887
5142;215;828
5143;257;928
5144;312;903
5145;308;904
5146;298;915
5147;250;882
5148;360;972
5149;327;917
5150;267;943
5151;111;784
5152;174;806
5153;248;934
5154;297;965
5155;339;972
5156;268;950
5157;206;814
5158;215;850
5159;220;835
5160;268;909
5161;210;841
5162;238;920
5163;244;910
5164;235;866
5165;150;785
5166;276;922
5167;249;919
5168;214;945
5169;294;916
5170;278;967
5171;203;816
5172;268;964
5173;212;824
5174;282;972
5175;246;925
5176;261;928
5177;154;784
5178;246;936
5179;372;961
5180;264;903
5181;209;942
5182;238;918
5183;160;795
5184;206;947
5185;362;957
5186;233;939
5187;173;804
5188;146;794
5189;332;929
5190;238;894
5191;262;904
5192;195;825
5193;242;906
5194;271;951
5195;141;792
5196;239;896
5197;320;941
5198;335;917
5199;156;798
5200;259;924
5201;237;889
5202;168;790
5203;264;935
5204;296;916
5205;308;909
5206;156;782
5207;288;914
5208;243;908
5209;203;830
5210;164;798
5211;224;834
5212;233;905
5213;355;964
5214;257;921
5215;249;920
5216;129;753
5217;202;831
5218;211;841
5219;317;941
5220;313;900
5221;313;894
5222;108;791
5223;270;967
5224;158;792
5225;205;939
5226;168;801
5227;176;791
5228;216;940
5229;271;966
5230;327;937
5231;283;929
5232;267;966
5233;245;924
5234;325;939
5235;232;862
5236;199;826
5237;312;902
5238;263;971
5239;183;814
5240;261;910
5241;140;782
5242;270;958
5243;320;965
5244;253;920
5245;267;970
5246;277;957
5247;237;857
5248;352;938
5249;340;963
5250;349;968
5251;189;818
5252;215;822
5253;311;941
5254;193;805
5255;181;795
5256;220;846
5257;340;959
5258;135;782
5259;260;898
5260;212;844
5261;151;783
5262;259;934
5263;300;914
5264;303;908
5265;175;810
5266;215;937
5267;152;781
5268;186;799
5269;121;782
5270;257;933
5271;278;929
5272;302;947
5273;227;846
5274;355;968
5275;310;906
5276;102;792
5277;303;912
5278;106;739
5279;282;971
5280;290;972
5281;294;942
5282;210;934
5283;268;942
5284;240;900
5285;241;897
5286;280;968
5287;241;904
5288;186;818
5289;267;941
5290;250;930
5291;321;956
5292;329;935
5293;315;913
5294;222;838
5295;120;789
5296;380;967
5297;256;928
5298;132;756
5299;236;912
5300;192;818
5301;274;953
5302;385;969
5303;250;932
5304;200;814
5305;249;926
5306;169;802
5307;255;891
5308;281;969
5309;237;871
5310;101;790
5311;172;792
5312;231;888
5313;255;927
5314;269;914
5315;229;841
5316;324;910
5317;126;751
5318;245;900
5319;241;923
5320;273;960
5321;206;843
5322;330;913
5323;258;906
5324;272;953
5325;110;742
5326;235;890
5327;318;913
5328;161;783
5329;333;915
5330;240;895
5331;260;902
5332;196;821
5333;266;911
5334;254;925
5335;112;790
5336;248;925
5337;228;857
5338;208;838
5339;289;967
5340;204;837
5341;331;922
5342;365;955
5343;206;819
5344;147;769
5345;251;922
5346;222;831
5347;357;971
5348;166;786
5349;240;898
5350;286;919
5351;152;774
5352;197;826
5353;255;893
5354;229;889
5355;212;938
5356;136;791
5357;209;838
5358;116;790
5359;263;906
5360;307;965
5361;329;920
5362;200;829
5363;302;939
5364;337;919
5365;251;884
5366;205;839
5367;287;929
5368;100;734
5369;332;925
5370;311;951
5371;259;931
5372;321;910
5373;277;919
5374;325;916
5375;180;814
5376;332;956
5377;201;828
5378;332;960
5379;239;870
5380;226;838
5381;306;945
5382;220;828
5383;248;918
5384;237;917
5385;280;932
5386;305;940
5387;229;886
5388;269;947
5389;306;914
5390;217;825
5391;299;941
5392;287;938
5393;316;909
5394;258;933
5395;322;940
5396;238;892
5397;123;749
5398;242;923
5399;365;958
5400;231;878
5401;203;834
5402;284;935
5403;286;973
5404;325;965
5405;327;958
5406;243;903
5407;345;930
5408;208;938
5409;377;964
5410;179;797
5411;224;841
5412;205;841
5413;331;931
5414;290;931
5415;241;923
5416;270;922
5417;242;899
5418;268;969
5419;252;924
5420;198;828
5421;368;957
5422;204;835
5423;123;789
5424;326;954
5425;340;922
5426;239;921
5427;298;944
5428;300;938
5429;246;915
5430;339;966
5431;319;951
5432;266;918
5433;263;914
5434;250;931
5435;363;973
5436;311;903
5437;299;910
5438;245;906
5439;209;821
5440;165;788
5441;103;787
5442;302;943
5443;179;810
5444;302;910
5445;292;966
5446;287;963
5447;138;761
5448;256;918
5449;321;914
5450;295;938
5451;255;902
5452;291;940
5453;301;965
5454;126;783
5455;211;818
5456;281;961
5457;161;795
5458;310;947
5459;103;737
5460;314;942
5461;312;891
5462;250;931
5463;184;801
5464;290;966
5465;132;780
5466;290;918
5467;242;878
5468;272;962
5469;296;912
5470;313;898
5471;285;972
5472;307;949
5473;279;959
5474;175;795
5475;265;940
5476;249;933
5477;369;960
5478;270;955
5479;169;787
5480;328;912
5481;285;971
5482;151;796
5483;179;809
5484;269;968
5485;343;967
5486;272;918
5487;241;895
5488;330;965
5489;297;936
5490;206;945
5491;234;890
5492;290;964
5493;334;965
5494;267;972
5495;291;935
5496;266;947
5497;269;952
5498;273;958
5499;363;952
5500;308;941
5501;265;909
5502;235;910
5503;136;779
5504;250;934
5505;343;926
5506;210;938
5507;200;824
5508;160;800
5509;312;909
5510;247;878
5511;241;877
5512;261;973
5513;269;954
5514;261;936
5515;126;780
5516;147;780
5517;239;925
5518;165;803
5519;187;815
5520;243;901
5521;271;964
5522;331;933
5523;305;910
5524;141;763
5525;371;960
5526;273;956
5527;373;962
5528;220;868
5529;226;869
5530;142;779
5531;286;970
5532;287;969
5533;207;944
5534;127;790
5535;111;787
5536;252;896
5537;265;969
5538;121;784
5539;237;913
5540;308;908
5541;332;927
5542;158;785
5543;283;925
5544;270;966
5545;131;790
5546;273;966
5547;266;971
5548;248;922
5549;233;889
5550;313;897
5551;135;758
5552;272;949
5553;279;926
5554;275;966
5555;269;962
5556;240;922
5557;218;831
5558;243;898
5559;162;787
5560;116;786
5561;318;944
5562;156;777
5563;277;966
5564;205;833
5565;206;835
5566;237;915
5567;201;937
5568;306;909
5569;64;709
5570;34;771
5571;22;706
5572;114;772
5573;102;783
5574;35;826
5575;60;712
5576;113;769
5577;18;702
5578;6;816
5579;40;700
5580;113;750
5581;22;705
5582;52;789
5583;57;710
5584;109;779
5585;31;704
5586;12;819
5587;69;715
5588;65;712
5589;76;713
5590;110;775
5591;53;709
5592;42;852
5593;38;704
5594;72;792
5595;82;793
5596;107;745
5597;71;718
5598;107;749
5599;112;755
5600;71;713
5601;115;764
5602;13;788
5603;10;792
5604;0;706
5605;56;790
5606;102;741
5607;68;792
5608;115;769
5609;42;783
5610;115;766
5611;51;707
5612;60;791
5613;49;787
5614;61;710
5615;112;758
5616;78;793
5617;69;717
5618;95;787
5619;40;705
5620;45;707
5621;124;761
5622;50;708
5623;117;754
5624;95;737
5625;91;788
5626;34;706
5627;56;703
5628;28;831
5629;113;766
5630;105;783
5631;31;835
5632;113;761
5633;28;703
5634;67;711
5635;106;780
5636;54;791
5637;19;704
5638;33;703
5639;38;778
5640;71;794
5641;37;703
5642;17;775
5643;46;705
5644;23;826
5645;56;707
5646;113;764
5647;115;759
5648;16;782
5649;111;753
5650;37;844
5651;51;705
5652;45;785
5653;95;734
5654;24;703
5655;107;752
5656;39;780
5657;17;778
5658;110;756
5659;39;779
5660;83;724
5661;63;792
5662;42;783
5663;30;700
5664;80;791
5665;104;782
5666;2;799
5667;31;706
5668;46;705
5669;79;715
5670;9;817
5671;99;785
5672;83;791
5673;58;792
5674;52;702
5675;112;772
5676;73;710
5677;91;791
5678;42;707
5679;73;715
5680;36;775
5681;99;786
5682;52;705
5683;28;706
5684;47;704
5685;35;704
5686;46;787
5687;113;774
5688;43;704
5689;26;704
5690;65;706
5691;74;794
5692;109;754
5693;69;708
5694;72;717
5695;5;797
5696;109;777
5697;63;713
5698;56;708
5699;36;700
5700;61;704
5701;50;789
5702;48;701
5703;76;792
5704;66;715
5705;15;785
5706;44;701
5707;107;781
5708;60;707
5709;75;720
5710;76;717
5711;26;701
5712;115;761
5713;114;757
5714;33;700
5715;25;706
5716;56;706
5717;44;785
5718;112;776
5719;67;794
5720;94;740
5721;38;706
5722;62;793
5723;104;749
5724;16;821
5725;8;794
5726;101;784
5727;76;722
5728;85;792
5729;34;688
5730;37;689
5731;17;692
5732;16;695
5733;31;691
5734;2;697
5735;50;685
5736;28;689
5737;31;688
5738;21;694
5739;0;700
5740;42;688
5741;41;687
5742;25;692
5743;3;699
5744;37;688
5745;24;690
5746;269;935
5747;271;938
5748;276;943
5749;279;945
5750;281;947
5751;279;938
5752;298;950
5753;299;950
5754;300;950
5755;77;355
5756;424;162
5757;236;151
5758;432;145
5759;408;143
5760;231;141
5761;232;135
5762;303;116
5763;309;112
5764;378;111
5765;283;110
5766;255;104
5767;457;102
5768;257;95
5769;257;94
5770;229;90
5771;232;89
5772;610;198
5773;1373;714
5774;1373;714
5775;1430;701
5776;1423;676
5777;1628;623
5778;1557;607
5779;1558;606
5780;1585;563
5781;1646;559
5782;1640;558
5783;1317;466
5784;1317;464
5785;1255;440
5786;683;221
5787;723;218
5788;688;205
5789;787;205
5790;296;551
5791;644;265
5792;649;264
5793;642;256
5794;637;243
5795;1017;216
5796;934;198
5797;1077;147
5798;1074;142
5799;1355;79
5800;425;3
5801;1497;635
5802;1498;640
5803;1449;665
5804;1445;662
5805;1448;663
5806;1448;662
5807;1448;665
5808;1449;661
5809;1544;644
5810;1544;631
5811;1478;635
5812;1478;641
5813;1478;637
5814;1492;596
5815;1564;611
5816;1526;609
5817;1425;716
5818;1427;716
5819;1678;487
5820;1632;475
5821;1469;676
5822;1431;670
5823;1428;674
5824;1436;675
5825;1429;672
5826;1432;669
5827;1571;731
5828;1580;733
5829;1584;698
5830;1580;697
5831;1582;698
5832;1421;671
5833;701;963
5834;700;958
5835;704;950
5836;701;966
5837;712;964
5838;718;962
5839;722;960
5840;762;903
5841;758;901
5842;753;898
5843;748;894
5844;742;890
5845;738;888
5846;735;886
5847;733;885
5848;728;884
5849;724;884
5850;720;884
5851;716;883
5852;712;882
5853;708;881
5854;703;879
5855;700;878
5856;694;875
5857;691;873
5858;690;871
5859;688;860
5860;685;857
5861;681;854
5862;678;852
5863;674;849
5864;659;932
5865;868;970
5866;862;960
5867;865;967
5868;863;962
5869;819;913
5870;793;893
5871;789;890
5872;771;882
5873;778;884
5874;750;877
5875;695;858
5876;700;860
5877;711;863
5878;681;852
5879;666;846
5880;659;846
5881;635;847
5882;653;846
5883;655;846
5884;640;847
5885;617;847
5886;610;848
5887;606;848
5888;595;846
5889;598;847
5890;558;828
5891;556;827
5892;544;826
5893;548;826
5894;506;827
5895;499;827
5896;491;826
5897;459;821
5898;470;823
5899;282;768
5900;163;694
5901;159;692
5902;132;682
5903;135;684
5904;133;683
5905;118;667
5906;120;669
5907;115;665
5908;112;664
5909;110;663
5910;98;659
5911;91;657
5912;85;656
5913;61;653
5914;69;654
5915;38;652
5916;27;652
5917;32;652
5918;16;653
5919;22;652
5920;747;876
5921;14;971
5922;1826;225
5923;1815;225
5924;1824;224
5925;1818;224
5926;742;695
5927;557;694
5928;421;657
5929;418;655
5930;439;655
5931;425;654
5932;417;654
5933;471;653
5934;1465;730
5935;1465;730
5936;1465;730
5937;1465;730
5938;1465;730
5939;1460;676
5940;1475;643
5941;1478;641
5942;1542;634
5943;1544;633
5944;1495;598
5945;1491;601
5946;1496;572
5947;250;558
5948;65;886
5949;729;971
5950;724;959
5951;771;951
5952;734;948
5953;744;948
5954;775;954
5955;741;958
5956;743;956
5957;744;953
5958;727;948
5959;728;957
5960;725;954
5961;731;947
5962;725;961
5963;731;960
5964;736;960
5965;784;960
5966;766;950
5967;793;969
5968;789;964
5969;753;948
5970;757;949
5971;718;968
5972;1245;911
5973;1243;908
5974;1861;194
5975;1830;188
5976;1204;650
5977;554;182
5978;543;37
5979;539;36
5980;392;110
5981;1773;432
5982;1847;427
5983;1842;432
5984;1746;431
5985;1674;488
5986;1800;516
5987;1744;428
5988;1577;466
5989;1595;470
5990;1768;430
5991;1599;477
5992;1608;544
5993;1796;512
5994;1836;428
5995;1654;378
5996;1608;473
5997;1651;373
5998;1615;367
5999;1662;375
6000;1659;370
6001;174;424
6002;1904;567
6003;1854;585
6004;1906;537
6005;1855;593
6006;1767;5
6007;342;277
6008;589;100
6009;74;15
6010;54;11
6011;349;63
6012;593;62
6013;590;63
6014;584;63
6015;581;62
6016;587;70
6017;588;67
6018;589;65
6019;591;64
6020;587;64
6021;545;42
6022;547;43
6023;557;46
6024;543;43
6025;542;41
6026;474;76
6027;470;85
6028;477;120
6029;481;119
6030;478;118
6031;478;114
6032;551;191
6033;548;187
6034;566;208
6035;542;153
6036;547;152
6037;547;164
6038;445;256
6039;390;278
6040;31;537
6041;59;539
6042;79;539
6043;105;540
6044;121;540
6045;139;539
6046;95;537
6047;120;539
6048;61;541
6049;55;541
6050;69;541
6051;83;524
6052;49;519
6053;61;507
6054;58;501
6055;59;494
6056;64;487
6057;74;513
6058;118;513
6059;1607;45
6060;1614;58
6061;1611;55
6062;1607;48
6063;1578;141
6064;1643;166
6065;1658;170
6066;1612;266
6067;1547;181
6068;1525;203
6069;1529;197
6070;1424;191
6071;1439;207
6072;1491;88
6073;1498;69
6074;1495;53
6075;1512;32
6076;1335;143
6077;1338;145
6078;1333;140
6079;1342;118
6080;1315;149
6081;1578;236
6082;1576;251
6083;1574;266
6084;1572;284
6085;1678;230
6086;1730;244
6087;1799;252
6088;1821;224
6089;1822;207
6090;1864;183
6091;1859;181
6092;1649;34
6093;1742;412
6094;1535;584
6095;1605;663
6096;1892;640
6097;1883;734
6098;1871;820
6099;1867;819
6100;1789;842
6101;1800;838
6102;1673;836
6103;1648;848
6104;1606;848
6105;1591;842
6106;584;709
6107;577;707
6108;121;552
6109;1341;156
6110;1342;167
6111;1341;179
6112;1341;162
6113;1915;125
6114;1877;106
6115;78;880
6116;468;191
6117;463;186
6118;1399;632
6119;1401;626
6120;1410;581
6121;1532;599
6122;1309;560
6123;1318;558
6124;1242;585
6125;1225;607
6126;1174;608
6127;1174;609
6128;1243;906
6129;1300;893
6130;1263;840
6131;1264;836
6132;1206;832
6133;1251;859
6134;1243;881
6135;1237;884
6136;1200;884
6137;1205;881
6138;1205;888
6139;1211;883
6140;1240;911
6141;1241;913
6142;1204;920
6143;1200;928
6144;1139;883
6145;1576;460
6146;1604;467
6147;1639;484
6148;1665;486
6149;1574;539
6150;1562;535
6151;1567;540
6152;1600;547
6153;1759;587
6154;1755;591
6155;1760;594
6156;1818;607
6157;1847;614
6158;1857;621
6159;1851;653
6160;1862;650
6161;1858;656
6162;1737;664
6163;1740;647
6164;1765;642
6165;1770;644
6166;1677;634
6167;1615;620
6168;1622;622
6169;1455;667
6170;1425;668
6171;1270;671
6172;1263;667
6173;1058;731
6174;1063;735
6175;1101;745
6176;275;860
6177;243;750
6178;167;731
6179;173;737
6180;115;704
6181;106;701
6182;75;683
6183;89;691
6184;1421;780
6185;1422;786
6186;1422;784
6187;1422;782
6188;1423;786
6189;1425;787
6190;1308;917
6191;1335;943
6192;119;475
6193;129;494
6194;129;498
6195;125;507
6196;110;516
6197;90;519
6198;47;517
6199;10;515
6200;104;453
6201;93;457
6202;126;484
6203;120;512
6204;123;510
6205;116;515
6206;96;519
6207;452;252
6208;467;82
6209;471;84
6210;473;86
6211;467;76
6212;473;76
6213;402;66
6214;404;58
6215;409;45
6216;412;39
6217;419;31
6218;427;24
6219;433;20
6220;440;16
6221;1529;817
6222;1526;815
6223;1529;816
6224;1532;817
6225;1460;923
6226;1374;938
6227;1441;928
6228;1359;940
6229;1631;851
6230;1523;912
6231;1591;898
6232;1529;909
6233;1569;900
6234;1521;913
6235;1581;841
6236;1582;842
6237;1586;846
6238;1589;845
6239;1546;831
6240;1592;860
6241;1544;848
6242;1534;863
6243;1586;810
6244;1631;831
6245;1531;810
6246;1673;851
6247;1675;852
6248;1696;824
6249;1705;826
6250;1686;821
6251;1658;865
6252;1666;865
6253;1657;867
6254;1656;866
6255;1667;861
6256;1665;862
6257;1705;847
6258;1706;848
6259;1724;842
6260;1724;842
6261;1650;862
6262;1747;836
6263;1759;831
6264;1750;842
6265;1766;832
6266;1752;838
6267;1765;839
6268;1754;841
6269;1753;841
6270;1760;835
6271;1750;835
6272;1766;835
6273;1730;855
6274;1761;851
6275;1754;845
6276;1763;852
6277;1763;852
6278;1765;850
6279;1776;849
6280;1774;840
6281;1728;877
6282;1690;877
6283;1834;840
6284;1797;840
6285;1799;842
6286;1809;853
6287;1814;843
6288;1813;838
6289;1809;844
6290;1833;840
6291;1825;845
6292;1835;841
6293;1810;849
6294;1795;842
6295;1799;844
6296;1800;844
6297;1798;842
6298;1803;855
6299;1761;840
6300;1802;836
6301;1859;824
6302;1860;820
6303;1910;827
6304;1911;828
6305;1912;828
6306;1918;831
6307;1893;822
6308;1912;830
6309;1889;822
6310;1881;827
6311;1910;836
6312;1900;822
6313;1910;829
6314;1882;826
6315;1880;827
6316;1899;823
6317;1880;828
6318;1903;822
6319;1895;822
6320;1909;828
6321;1897;823
6322;1893;821
6323;1917;836
6324;1919;832
6325;1901;822
6326;1879;835
6327;1890;821
6328;1918;835
6329;1919;834
6330;1914;830
6331;1915;836
6332;1911;829
6333;1910;830
6334;1856;807
6335;1861;819
6336;17;724
6337;33;789
6338;29;761
6339;44;831
6340;72;901
6341;90;932
6342;110;959
6343;119;971
6344;80;929
6345;87;939
6346;108;968
6347;66;904
6348;38;839
6349;26;789
6350;12;732
6351;215;36
6352;99;443
6353;275;451
6354;253;455
6355;259;469
6356;245;444
6357;1057;791
6358;1059;767
6359;1059;756
6360;1059;746
6361;1908;845
6362;1903;846
6363;1893;848
6364;1908;843
6365;1904;850
6366;1902;843
6367;1903;843
6368;1895;843
6369;1895;844
6370;1904;847
6371;1900;847
6372;1908;842
6373;1915;800
6374;1867;794
6375;1879;790
6376;1862;802
6377;1861;797
6378;1874;791
6379;1886;786
6380;1861;800
6381;1861;796
6382;1844;750
6383;1859;747
6384;1860;750
6385;1858;744
6386;1877;745
6387;1842;746
6388;1799;699
6389;1794;699
6390;1907;765
6391;1908;769
6392;1898;767
6393;1899;777
6394;1907;765
6395;1900;771
6396;1897;772
6397;1899;766
6398;1895;754
6399;1895;753
6400;1895;753
6401;1907;752
6402;1899;767
6403;1910;764
6404;1908;769
6405;1898;753
6406;1895;754
6407;1904;752
6408;1896;753
6409;1905;752
6410;1903;753
6411;1893;754
6412;1893;744
6413;1894;753
6414;1894;752
6415;1893;744
6416;1918;736
6417;1892;744
6418;1890;744
6419;1894;754
6420;1893;749
6421;1893;745
6422;1894;748
6423;1892;743
6424;1893;743
6425;1905;743
6426;1913;736
6427;796;190
6428;794;192
6429;797;189
6430;802;185
6431;805;184
6432;811;181
6433;820;180
6434;833;181
6435;840;184
6436;845;189
6437;807;197
6438;812;196
6439;822;194
6440;830;193
6441;839;194
6442;843;194
6443;904;179
6444;904;182
6445;906;184
6446;909;187
6447;924;195
6448;932;192
6449;933;202
6450;906;179
6451;793;196
6452;575;124
6453;822;314
6454;870;317
6455;872;187
6456;876;190
6457;880;202
6458;884;205
6459;877;194
6460;872;195
6461;870;196
6462;869;197
6463;869;198
6464;869;199
6465;869;201
6466;870;202
6467;872;203
6468;873;203
6469;875;203
6470;878;202
6471;926;274
6472;924;309
6473;930;329
6474;927;321
6475;939;140
6476;937;134
6477;932;129
6478;1756;819
6479;1782;791
6480;1764;820
6481;1703;819
6482;1710;812
6483;1687;817
6484;1693;818
6485;1707;820
6486;1729;727
6487;1733;728
6488;1740;730
6489;1734;726
6490;1730;725
6491;1751;710
6492;1753;706
6493;383;416
6494;382;420
6495;374;418
6496;361;417
6497;347;418
6498;343;420
6499;342;423
6500;341;426
6501;344;420
6502;1615;771
6503;1588;763
6504;1609;770
6505;1692;797
6506;1669;791
6507;1673;782
6508;1696;798
6509;1697;786
6510;1648;753
6511;1649;751
6512;1644;769
6513;1639;770
6514;1651;748
6515;1668;776
6516;1646;757
6517;1643;771
6518;1641;765
6519;1647;755
6520;1580;777
6521;1586;768
6522;1585;770
6523;1589;764
6524;1582;775
6525;1583;772
6526;1588;766
6527;1649;747
6528;1647;750
6529;1442;808
6530;1213;828
6531;1201;829
6532;1202;843
6533;1583;53
6534;1605;22
6535;1606;35
6536;1606;41
6537;1606;15
6538;1606;13
6539;1528;205
6540;1514;197
6541;1511;195
6542;1682;195
6543;1629;310
6544;1625;310
6545;1631;310
6546;1638;313
6547;1640;311
6548;1627;308
6549;1637;308
6550;1591;308
6551;1612;309
6552;1577;308
6553;1570;308
6554;1565;308
6555;1411;305
6556;1405;302
6557;1397;302
6558;1389;302
6559;1311;298
6560;1305;295
6561;1313;298
6562;1309;297
6563;1302;292
6564;1301;288
6565;1304;233
6566;1305;232
6567;1306;230
6568;1311;229
6569;1299;219
6570;1305;222
6571;1309;225
6572;1313;226
6573;1295;216
6574;1299;213
6575;1306;190
6576;1314;151
6577;1348;104
6578;1348;100
6579;1345;112
6580;1344;115
6581;1367;297
6582;1363;292
6583;1364;291
6584;1361;229
6585;1366;226
6586;1368;224
6587;1364;230
6588;1358;228
6589;1314;228
6590;1358;294
6591;1361;293
6592;1365;293
6593;1368;297
6594;1371;299
6595;1373;299
6596;1253;399
6597;543;38
6598;544;33
6599;544;39
6600;637;4
6601;468;8
6602;471;6
6603;475;3
6604;478;0
6605;461;11
6606;1869;529
6607;658;225
6608;635;231
6609;684;208
6610;881;44
6611;887;44
6612;415;152
6613;428;147
6614;425;147
6615;423;146
6616;421;145
6617;417;144
6618;415;144
6619;414;145
6620;409;144
6621;420;145
6622;429;167
6623;428;164
6624;426;162
6625;425;160
6626;425;158
6627;426;157
6628;426;155
6629;427;154
6630;427;152
6631;426;150
6632;423;147
6633;410;147
6634;409;146
6635;426;165
6636;430;146
6637;453;193
6638;463;196
6639;466;194
6640;468;189
6641;468;192
6642;474;222
6643;472;219
6644;462;211
6645;461;209
6646;457;204
6647;482;216
6648;503;194
6649;605;197
6650;608;201
6651;642;242
6652;663;346
6653;633;359
6654;692;409
6655;686;439
6656;686;437
6657;795;473
6658;790;473
6659;787;473
6660;792;473
6661;1591;757
6662;0;505
6663;241;498
6664;229;498
6665;253;495
6666;271;484
6667;280;472
6668;290;448
6669;346;453
6670;342;452
6671;378;463
6672;387;467
6673;392;469
6674;402;470
6675;424;474
6676;411;473
6677;407;472
6678;437;469
6679;474;438
6680;477;415
6681;489;421
6682;771;35
6683;859;40
6684;824;23
6685;815;20
6686;847;36
6687;835;30
6688;902;44
6689;920;41
6690;944;33
6691;1079;15
6692;1165;16
6693;1174;23
6694;1260;54
6695;1256;69
6696;1381;38
6697;1355;79
6698;449;350
6699;483;352
6700;464;351
6701;539;355
6702;550;349
6703;548;361
6704;422;354
6705;384;296
6706;397;283
6707;403;278
6708;458;346
6709;518;158
6710;372;348
6711;355;370
6712;366;339
6713;332;349
6714;356;344
6715;660;305
6716;665;320
6717;671;341
6718;660;347
6719;688;393
6720;618;359
6721;677;360
6722;650;354
6723;1917;450
6724;1919;449
6725;1868;689
6726;1859;689
6727;1793;698
6728;1614;735
6729;1612;734
6730;1607;733
6731;1336;228
6732;1336;219
6733;1336;211
6734;1336;208
6735;526;137
6736;876;43
6737;866;42
6738;957;28
6739;965;30
