1;1176;688
2;1179;708
3;1193;733
4;1087;779
5;1103;775
6;1127;750
7;1159;690
8;1164;667
9;1145;692
10;1128;708
11;1098;724
12;1086;728
13;1023;755
14;1049;761
15;1060;770
16;1066;776
17;1098;783
18;1113;775
19;1134;750
20;1151;722
21;1166;690
22;1145;721
23;1223;761
24;1236;779
25;1189;744
26;1219;767
27;1172;738
28;1170;744
29;1155;734
30;1101;733
31;1147;739
32;1050;738
33;1049;746
34;1020;745
35;997;756
36;906;772
37;898;766
38;883;773
39;866;767
40;860;773
41;665;747
42;664;753
43;624;740
44;623;746
45;591;730
46;587;736
47;560;717
48;558;724
49;528;699
50;523;703
51;451;643
52;449;651
53;412;624
54;408;630
55;358;607
56;362;615
57;286;595
58;284;601
59;262;593
60;259;598
61;206;589
62;233;596
63;159;590
64;160;596
65;115;596
66;117;602
67;1215;241
68;1205;245
69;1191;257
70;1190;273
71;1206;288
72;1228;291
73;1246;285
74;1235;182
75;1232;198
76;1226;205
77;1198;213
78;1190;213
79;1407;294
80;1344;269
81;1338;265
82;1320;249
83;1305;228
84;1280;176
85;1323;276
86;1335;286
87;1339;312
88;1321;325
89;1291;323
90;1276;308
91;1178;666
92;1174;650
93;1230;549
94;1216;555
95;1241;516
96;1252;467
97;1255;451
98;1271;296
99;1274;265
100;1275;212
101;1270;177
102;1261;139
103;1225;29
104;1229;76
105;1250;144
106;1258;177
107;1262;253
108;1262;278
109;1258;315
110;1244;450
111;1241;466
112;1230;516
113;1041;757
114;1055;765
115;1072;781
116;1107;779
117;1110;770
118;1096;779
119;1071;773
120;1068;754
121;168;124
122;208;120
123;220;116
124;234;111
125;280;93
126;371;57
127;379;55
128;422;47
129;444;45
130;471;45
131;497;47
132;523;52
133;593;67
134;690;88
135;716;93
136;823;117
137;992;163
138;1124;199
139;1182;218
140;1237;240
141;1292;263
142;1367;291
143;1397;300
144;1440;309
145;1473;313
146;1523;317
147;1567;318
148;1599;312
149;1626;303
150;1641;295
151;1703;255
152;1735;232
153;1742;228
154;1751;226
155;1761;227
156;1793;240
157;1804;245
158;1844;265
159;1888;274
160;1895;273
161;1496;306
162;1458;302
163;1433;299
164;1294;255
165;1244;234
166;1143;197
167;1035;166
168;817;108
169;550;48
170;521;42
171;495;39
172;470;38
173;437;39
174;384;47
175;371;49
176;335;59
177;306;70
178;241;97
179;222;104
180;205;111
181;169;115
182;1255;274
183;1238;289
184;1216;291
185;1197;282
186;1189;264
187;1193;254
188;1210;243
189;1246;244
190;1281;316
191;1332;320
192;1308;327
193;1340;293
194;1342;304
195;1890;265
196;1885;265
197;1865;263
198;1854;260
199;1844;255
200;1775;221
201;1764;217
202;1753;216
203;1738;220
204;1732;223
205;1695;246
206;1664;267
207;1629;292
208;1618;297
209;1597;303
210;1563;309
211;1810;434
212;1726;599
213;179;42
214;137;370
215;133;423
216;131;481
217;133;491
218;145;525
219;159;565
220;176;615
221;208;716
222;201;776
223;205;736
224;209;576
225;270;582
226;293;586
227;308;591
228;129;583
229;88;591
230;24;603
231;138;609
232;206;607
233;283;609
234;315;610
235;350;612
236;493;688
237;506;700
238;520;716
239;531;727
240;537;732
241;555;742
242;583;756
243;491;672
244;569;675
245;519;680
246;512;678
247;503;675
248;588;663
249;581;670
250;575;674
251;461;658
252;601;683
253;606;696
254;605;710
255;603;723
256;590;748
257;599;755
258;602;759
259;606;762
260;614;766
261;624;768
262;634;769
263;653;769
264;667;766
265;680;763
266;695;762
267;737;761
268;610;701
269;613;705
270;619;710
271;630;715
272;637;717
273;825;759
274;807;755
275;792;750
276;782;747
277;768;743
278;747;741
279;726;738
280;703;735
281;694;734
282;687;730
283;682;724
284;677;716
285;672;707
286;666;701
287;658;695
288;719;734
289;709;729
290;701;723
291;686;705
292;678;696
293;670;688
294;662;683
295;652;681
296;646;681
297;640;682
298;633;686
299;628;690
300;626;696
301;626;704
302;628;708
303;632;712
304;652;723
305;656;727
306;659;733
307;629;782
308;664;716
309;661;711
310;657;705
311;649;696
312;639;689
313;626;683
314;615;680
315;604;677
316;589;677
317;573;679
318;564;680
319;580;640
320;667;735
321;668;722
322;159;575
323;168;605
324;178;605
325;166;573
326;201;580
327;196;585
328;193;592
329;197;599
330;202;604
331;142;601
332;142;595
333;140;590
334;133;585
335;1841;333
336;1853;334
337;1855;274
338;1855;285
339;1867;287
340;1873;280
341;640;795
342;651;781
343;666;770
344;1746;373
345;1748;368
346;1818;172
347;1849;87
348;1862;56
349;1886;3
350;700;605
351;704;654
352;722;690
353;709;668
354;735;700
355;743;115
356;577;359
357;574;378
358;581;388
359;680;458
360;686;463
361;693;479
362;710;116
363;608;316
364;691;470
365;797;732
366;648;230
367;573;367
368;770;121
369;696;130
370;630;65
371;643;225
372;706;91
373;628;75
374;508;419
375;588;334
376;599;317
377;358;595
378;334;622
379;334;685
380;434;545
381;414;545
382;384;564
383;1353;539
384;1407;603
385;1460;667
386;1463;670
387;1537;703
388;1559;710
389;1386;577
390;1495;689
391;1519;775
392;126;421
393;85;409
394;55;401
395;8;391
396;89;532
397;5;543
398;1626;572
399;1667;499
400;1596;646
401;1742;622
402;1814;634
403;1784;617
404;1822;630
405;1822;619
406;1682;686
407;1741;703
408;1823;711
409;1890;680
410;1881;690
411;1873;705
412;1854;705
413;1842;705
414;1811;733
415;1820;749
416;1831;755
417;1845;759
418;1871;709
419;1830;707
420;1813;740
421;1734;715
422;1768;725
423;1747;690
424;1813;723
425;1653;745
426;1711;762
427;1700;763
428;1651;748
429;1705;755
430;1582;793
431;1625;687
432;1641;675
433;1686;588
434;1634;663
435;1597;653
436;1647;667
437;1578;749
438;1593;651
439;1548;782
440;1671;617
441;1752;756
442;1736;789
443;1777;631
444;1811;642
445;1908;711
446;1915;732
447;1899;727
448;1903;719
449;1695;535
450;1662;581
451;1753;476
452;1721;538
453;1804;416
454;1712;418
455;1754;418
456;1267;162
457;1123;763
458;1190;763
459;1168;777
460;1135;796
461;693;797
462;285;783
463;344;770
464;291;738
465;428;767
466;413;732
467;63;794
468;176;736
469;6;737
470;1523;768
471;1293;628
472;678;776
473;1017;767
474;610;634
475;592;632
476;576;627
477;907;582
478;854;621
479;840;627
480;827;630
481;809;631
482;700;634
483;588;638
484;999;736
485;985;714
486;949;652
487;566;599
488;606;770
489;85;788
490;117;771
491;152;788
492;380;676
493;442;665
494;498;655
495;1028;712
496;1084;693
497;1081;688
498;1057;647
499;1048;631
500;1020;600
501;1001;580
502;992;573
503;980;572
504;914;581
505;991;724
506;552;373
507;682;490
508;682;482
509;678;472
510;660;458
511;610;423
512;557;384
513;690;490
514;745;472
515;776;466
516;788;469
517;802;478
518;846;511
519;853;516
520;883;521
521;691;635
522;688;591
523;686;565
524;686;550
525;683;500
526;896;564
527;890;554
528;885;543
529;885;504
530;977;730
531;391;674
532;559;782
533;387;222
534;1123;192
535;1048;171
536;1043;169
537;1045;177
538;893;486
539;934;407
540;997;277
541;1176;285
542;848;624
543;923;747
544;927;747
545;1042;185
546;728;103
547;491;786
548;490;795
549;491;781
550;364;790
551;440;798
552;433;779
553;513;779
554;1058;166
555;1060;10
556;1042;165
557;1032;156
558;1009;136
559;987;119
560;956;99
561;851;46
562;806;14
563;950;377
564;616;283
565;1027;489
566;1011;487
567;940;467
568;1053;507
569;1040;508
570;834;112
571;840;71
572;836;37
573;835;51
574;752;43
575;1058;93
576;958;93
577;1077;131
578;991;29
579;959;73
580;91;8
581;62;55
582;47;57
583;34;59
584;13;66
585;87;86
586;155;89
587;173;89
588;216;89
589;256;91
590;140;43
591;141;61
592;839;78
593;827;30
594;837;24
595;847;2
596;164;158
597;780;20
598;801;11
599;929;138
600;1272;4
601;1189;20
602;1177;19
603;1168;15
604;1163;7
605;1240;11
606;1403;106
607;915;443
608;1614;607
609;1653;523
610;961;673
611;936;631
612;949;577
613;1438;640
614;1551;723
615;1106;457
616;1115;460
617;1148;461
618;1541;429
619;1112;505
620;1207;542
621;1556;415
622;1770;229
623;1664;323
624;1603;376
625;1545;424
626;1550;495
627;1509;579
628;1476;570
629;1440;563
630;1406;548
631;1348;494
632;1352;466
633;1255;519
634;1243;554
635;1302;581
636;1372;622
637;1424;650
638;1303;578
639;1298;603
640;1289;654
641;1278;680
642;1266;702
643;1252;721
644;1246;730
645;1480;642
646;1486;630
647;1540;657
648;1478;563
649;1473;556
650;1458;550
651;1432;543
652;1413;543
653;1201;560
654;1189;587
655;1173;614
656;1153;656
657;1118;701
658;1113;704
659;1107;704
660;1088;695
661;998;661
662;973;619
663;1449;310
664;1453;311
665;1448;343
666;1537;380
667;397;439
668;253;474
669;400;543
670;368;535
671;326;522
672;269;486
673;1034;25
674;984;72
675;1031;42
676;1059;54
677;1076;53
678;1091;37
679;1421;125
680;1429;117
681;1414;126
682;1403;115
683;1418;106
684;1425;101
685;1403;118
686;1485;5
687;1462;1
688;1441;137
689;1488;166
690;1510;173
691;1566;186
692;1581;190
693;1610;197
694;1632;201
695;1637;203
696;1694;216
697;1722;224
698;1438;147
699;1460;282
700;1418;276
701;1406;269
702;1401;254
703;1389;214
704;1381;184
705;1542;220
706;1539;239
707;1539;243
708;1543;249
709;1551;258
710;1577;285
711;1565;7
712;1560;13
713;1543;18
714;1538;23
715;1536;28
716;1551;60
717;1553;69
718;1552;89
719;1547;119
720;1547;128
721;1552;139
722;1674;10
723;230;462
724;203;450
725;177;440
726;148;429
727;1131;511
728;977;413
729;975;418
730;1201;455
731;371;579
732;1259;481
733;1257;512
734;1248;542
735;1204;429
736;182;483
737;205;567
738;260;570
739;261;556
740;320;560
741;319;575
742;711;71
743;724;36
744;696;32
745;668;20
746;510;52
747;517;55
748;526;63
749;529;72
750;525;81
751;514;87
752;496;88
753;484;88
754;465;88
755;445;89
756;495;59
757;472;88
758;470;60
759;448;89
760;446;60
761;455;93
762;450;97
763;448;101
764;448;108
765;451;120
766;469;155
767;469;163
768;463;170
769;456;173
770;413;174
771;385;175
772;438;173
773;436;145
774;156;220
775;276;221
776;161;180
777;278;186
778;287;90
779;332;91
780;345;92
781;381;96
782;79;491
783;46;495
784;96;489
785;94;553
786;11;573
787;427;448
788;415;464
789;410;471
790;407;486
791;406;505
792;404;526
793;402;539
794;547;584
795;531;572
796;520;563
797;506;556
798;469;549
799;457;547
800;490;552
801;483;540
802;479;532
803;479;518
804;484;500
805;494;485
806;513;459
807;513;455
808;535;391
809;540;392
810;438;546
811;454;462
812;558;593
813;580;585
814;582;567
815;584;553
816;583;534
817;924;782
818;927;780
819;947;778
820;968;774
821;1104;224
822;1114;241
823;1136;273
824;1149;292
825;1162;264
826;1140;230
827;1833;414
828;1912;377
829;1891;301
830;1898;308
831;1909;321
832;1905;515
833;1878;531
834;1823;574
835;1812;240
836;1877;192
837;1913;137
838;1914;79
839;1907;74
840;1882;25
841;1838;115
842;1902;194
843;1909;188
844;1885;129
845;1904;78
846;1541;1
847;1553;2
848;1568;14
849;1572;25
850;1576;31
851;1582;36
852;1587;38
853;1588;7
854;1589;17
855;1589;26
856;1588;32
857;1586;46
858;1584;50
859;1577;63
860;1571;77
861;1559;71
862;1581;82
863;1586;85
864;1588;94
865;1588;101
866;1588;111
867;1585;118
868;1582;126
869;1589;136
870;1596;147
871;1604;160
872;1611;170
873;1615;177
874;1612;193
875;1554;145
876;1561;156
877;1568;167
878;1566;182
879;1667;26
880;1666;35
881;1663;67
882;1700;103
883;1876;21
884;1794;13
885;1778;41
886;1769;54
887;1759;64
888;1739;78
889;1724;86
890;1728;112
891;1762;105
892;1771;100
893;1789;86
894;1797;80
895;1600;94
896;1610;100
897;1623;108
898;1631;116
899;1637;122
900;1645;130
901;1652;137
902;1657;143
903;1667;150
904;1683;156
905;1697;162
906;1615;67
907;1623;72
908;1636;79
909;1641;83
910;1647;88
911;1653;97
912;1655;101
913;1664;117
914;1671;125
915;1677;133
916;1686;144
917;1693;155
918;1710;183
919;1728;220
920;1587;306
921;1529;301
922;1584;129
923;1565;244
924;1596;242
925;1610;264
926;1620;260
927;1608;240
928;1599;243
929;1468;191
930;1456;182
931;1598;57
932;1689;54
933;1728;26
934;1722;33
935;1717;38
936;1708;44
937;1490;15
938;1473;11
939;1480;18
940;1475;15
941;1473;12
942;1475;7
943;1480;5
944;1490;8
945;1491;12
946;1394;232
947;1341;241
948;1364;264
949;1329;229
950;1316;206
951;1326;225
952;1385;215
953;1632;300
954;1609;379
955;1626;383
956;1685;385
957;1695;295
958;1774;296
959;1634;298
960;1695;253
961;1733;227
962;1741;224
963;1752;222
964;1763;222
965;1772;225
966;1862;268
967;1872;269
968;1885;270
969;1895;269
970;866;654
971;879;675
972;893;698
973;910;727
974;952;738
975;979;703
976;918;602
977;1476;313
978;1480;307
979;1475;310
980;939;717
981;920;687
982;907;666
983;895;645
984;878;615
985;862;621
986;743;93
987;711;88
988;378;53
989;375;51
990;1752;552
991;1747;557
992;1798;571
993;1864;765
994;1888;791
995;1796;570
996;1806;587
997;445;778
998;448;760
999;445;746
1000;444;733
1001;473;715
1002;1003;366
1003;1208;381
1004;1232;382
1005;547;379
1006;876;59
1007;942;92
1008;1581;675
1009;1512;694
1010;1565;712
1011;1492;688
1012;1597;722
1013;1259;460
1014;66;48
1015;114;6
1016;120;3
1017;113;91
1018;103;9
1019;110;8
1020;56;45
1021;55;56
1022;130;1
1023;124;1
1024;1018;144
1025;948;144
1026;982;148
1027;959;141
1028;977;143
1029;964;135
1030;1002;158
1031;949;144
1032;994;156
1033;975;139
1034;1854;548
1035;1832;567
1036;1770;613
1037;1862;264
1038;1856;268
1039;1857;277
1040;1877;278
1041;1878;275
1042;1879;272
1043;1879;269
1044;1874;265
1045;1883;290
1046;1796;232
1047;1678;747
1048;1706;692
1049;1674;756
1050;1817;628
1051;1781;700
1052;559;797
1053;1536;31
1054;1390;154
1055;1385;162
1056;1409;132
1057;661;740
1058;619;777
1059;18;796
1060;949;93
1061;1103;10
1062;980;32
1063;1035;37
1064;975;38
1065;1012;144
1066;995;146
1067;980;138
1068;1003;149
1069;999;148
1070;1015;141
1071;1009;146
1072;765;466
1073;897;705
1074;657;644
1075;1276;467
1076;828;670
1077;738;704
1078;1268;467
1079;702;675
1080;672;678
1081;1269;456
1082;730;700
1083;660;673
1084;911;729
1085;891;752
1086;868;521
1087;805;724
1088;827;675
1089;1444;492
1090;1343;454
1091;1281;467
1092;1132;462
1093;905;718
1094;705;679
1095;829;663
1096;928;452
1097;803;715
1098;1460;501
1099;720;693
1100;1551;658
1101;1475;647
1102;799;722
1103;1417;442
1104;746;707
1105;711;484
1106;754;468
1107;1350;462
1108;1467;500
1109;1281;456
1110;695;659
1111;893;731
1112;978;478
1113;893;718
1114;1348;458
1115;1451;498
1116;1279;456
1117;925;695
1118;825;679
1119;691;642
1120;886;709
1121;1455;500
1122;711;686
1123;933;450
1124;698;668
1125;933;709
1126;1340;450
1127;1539;675
1128;736;492
1129;1288;467
1130;1341;460
1131;734;478
1132;693;651
1133;1339;461
1134;1447;496
1135;659;671
1136;649;644
1137;1487;497
1138;811;699
1139;1343;457
1140;682;684
1141;720;113
1142;700;122
1143;599;331
1144;1634;775
1145;1654;751
1146;1647;749
1147;1637;783
1148;1476;308
1149;1452;302
1150;1454;284
1151;1430;277
1152;1422;279
1153;1414;278
1154;1408;276
1155;1411;274
1156;1403;272
1157;1399;263
1158;1494;255
1159;1531;240
1160;1483;239
1161;1589;237
1162;1540;225
1163;1377;186
1164;1381;172
1165;1377;169
1166;1380;161
1167;1470;157
1168;1386;151
1169;1405;130
1170;1340;193
1171;1267;104
1172;1375;180
1173;1321;169
1174;1365;183
1175;1291;68
1176;1355;193
1177;1269;98
1178;1358;71
1179;1269;109
1180;1345;194
1181;580;526
1182;571;515
1183;558;507
1184;503;505
1185;539;504
1186;461;457
1187;551;384
1188;554;379
1189;1822;4
1190;1855;58
1191;1755;135
1192;1825;75
1193;1834;73
1194;1825;153
1195;1813;77
1196;1491;13
1197;1491;10
1198;1483;18
1199;1483;4
1200;1477;5
1201;807;151
1202;826;187
1203;830;190
1204;838;159
1205;795;188
1206;779;162
1207;833;184
1208;821;199
1209;789;198
1210;790;190
1211;787;196
1212;795;193
1213;793;184
1214;821;127
1215;841;165
1216;827;199
1217;804;163
1218;795;197
1219;786;157
1220;821;192
1221;747;226
1222;792;199
1223;841;162
1224;801;151
1225;820;196
1226;1880;12
1227;1895;796
1228;1876;774
1229;1658;751
1230;1662;743
1231;1813;710
1232;1841;678
1233;1841;647
1234;1837;641
1235;1834;637
1236;1828;633
1237;1798;621
1238;1806;581
1239;1805;576
1240;1814;574
1241;1747;551
1242;1714;540
1243;1718;540
1244;1684;539
1245;1689;535
1246;1762;529
1247;1755;466
1248;1728;393
1249;1907;381
1250;1835;368
1251;1759;364
1252;1779;347
1253;1800;341
1254;1843;326
1255;1829;324
1256;1835;321
1257;1845;319
1258;1640;293
1259;1866;281
1260;1862;281
1261;1859;279
1262;1666;269
1263;1847;267
1264;1859;266
1265;1838;266
1266;1830;265
1267;1871;264
1268;1691;257
1269;1689;256
1270;1804;252
1271;1790;250
1272;1802;248
1273;1887;241
1274;1888;236
1275;1726;227
1276;1895;205
1277;1882;186
1278;1916;139
1279;1909;135
1280;1915;135
1281;480;781
1282;476;780
1283;1083;142
1284;1092;154
1285;1650;484
1286;1733;387
1287;1623;450
1288;1571;445
1289;1580;482
1290;1641;473
1291;1890;348
1292;1905;351
1293;1810;565
1294;1808;573
1295;1854;432
1296;1885;434
1297;1820;449
1298;1798;511
1299;1398;518
1300;1346;512
1301;1395;520
1302;1387;521
1303;1400;515
1304;1400;512
1305;1384;445
1306;1392;521
1307;1673;315
1308;1700;332
1309;1782;234
1310;1792;243
1311;1796;246
1312;1805;236
1313;1798;242
1314;1786;227
1315;1901;312
1316;1887;314
1317;1885;322
1318;1912;327
1319;1573;674
1320;1878;17
1321;1912;77
1322;632;777
1323;284;257
1324;318;241
1325;300;222
1326;282;262
1327;361;262
1328;311;247
1329;388;239
1330;391;330
1331;300;236
1332;350;266
1333;373;234
1334;356;222
1335;289;267
1336;352;298
1337;281;256
1338;330;300
1339;292;262
1340;270;221
1341;303;272
1342;355;250
1343;366;319
1344;303;270
1345;287;266
1346;350;254
1347;362;244
1348;317;280
1349;376;309
1350;365;241
1351;344;307
1352;345;243
1353;345;222
1354;317;222
1355;297;236
1356;363;303
1357;373;253
1358;373;223
1359;320;290
1360;274;236
1361;356;235
1362;275;264
1363;241;258
1364;1257;570
1365;1268;564
1366;1551;485
1367;1568;442
1368;1540;436
1369;1528;430
1370;674;591
1371;640;591
1372;674;588
1373;673;578
1374;673;570
1375;640;571
1376;640;579
1377;688;597
1378;690;627
1379;935;657
1380;905;606
1381;922;636
1382;458;1
1383;680;591
1384;613;572
1385;648;643
1386;646;501
1387;620;502
1388;647;512
1389;678;491
1390;647;636
1391;672;500
1392;524;602
1393;459;623
1394;372;592
1395;467;592
1396;476;628
1397;363;588
1398;538;591
1399;535;595
1400;530;599
1401;416;602
1402;497;605
1403;481;595
1404;493;604
1405;474;593
1406;445;587
1407;455;592
1408;379;594
1409;460;594
1410;386;595
1411;543;586
1412;485;598
1413;518;605
1414;446;692
1415;510;743
1416;1540;493
1417;1512;490
1418;1530;491
1419;1520;490
1420;188;220
1421;207;272
1422;213;285
1423;192;234
1424;208;333
1425;127;54
1426;79;77
1427;112;39
1428;334;18
1429;121;47
1430;340;68
1431;341;12
1432;373;10
1433;176;66
1434;127;60
1435;70;64
1436;336;14
1437;654;288
1438;652;292
1439;882;351
1440;630;243
1441;655;291
1442;637;236
1443;710;296
1444;659;294
1445;667;293
1446;724;311
1447;833;328
1448;655;290
1449;707;304
1450;624;257
1451;832;344
1452;721;308
1453;879;357
1454;837;333
1455;735;303
1456;836;336
1457;741;304
1458;726;313
1459;836;330
1460;683;178
1461;627;285
1462;692;180
1463;679;186
1464;666;176
1465;678;180
1466;619;276
1467;689;188
1468;1416;269
1469;1429;268
1470;1432;268
1471;1411;183
1472;1414;200
1473;1432;265
1474;811;131
1475;356;53
1476;348;56
1477;352;51
1478;350;49
1479;358;53
1480;410;118
1481;1095;373
1482;1211;351
1483;1208;379
1484;1206;381
1485;1212;344
1486;1100;338
1487;1216;341
1488;1214;344
1489;1216;336
1490;1215;342
1491;1107;329
1492;1103;329
1493;1100;331
1494;1099;335
1495;1099;333
1496;1101;330
1497;1044;450
1498;1050;440
1499;1037;465
1500;1037;479
1501;1032;460
1502;1034;482
1503;1029;484
1504;1039;474
1505;1023;488
1506;1033;462
1507;1035;449
1508;1034;458
1509;1035;456
1510;1039;468
1511;925;146
1512;927;154
1513;1390;233
1514;206;707
1515;1536;309
1516;1499;5
1517;1505;1
1518;1424;124
1519;1494;11
1520;1492;2
1521;1497;9
1522;905;132
1523;630;679
1524;605;672
1525;612;674
1526;668;730
1527;598;669
1528;595;668
1529;592;667
1530;663;703
1531;621;677
1532;649;690
1533;601;671
1534;643;686
1535;637;683
1536;667;710
1537;669;716
1538;334;524
1539;1037;538
1540;899;553
1541;906;535
1542;923;540
1543;948;490
1544;930;484
1545;903;534
1546;898;541
1547;893;543
1548;1017;596
1549;1034;588
1550;1039;578
1551;1042;572
1552;1038;555
1553;1035;541
1554;1030;539
1555;1019;536
1556;1027;591
1557;1039;604
1558;394;397
1559;396;434
1560;389;442
1561;225;478
1562;222;458
1563;241;468
1564;138;425
1565;128;421
1566;140;426
1567;133;431
1568;134;414
1569;133;415
1570;33;395
1571;296;692
1572;233;687
1573;211;686
1574;202;764
1575;199;685
1576;521;58
1577;528;68
1578;528;76
1579;519;85
1580;499;64
1581;509;64
1582;512;62
1583;515;61
1584;518;60
1585;415;89
1586;657;775
1587;596;748
1588;595;742
1589;296;695
1590;301;691
1591;604;688
1592;540;682
1593;592;672
1594;583;668
1595;430;641
1596;435;635
1597;48;614
1598;344;612
1599;336;609
1600;46;607
1601;153;606
1602;337;602
1603;163;600
1604;178;600
1605;183;594
1606;160;593
1607;179;591
1608;183;589
1609;158;584
1610;144;580
1611;171;578
1612;171;572
1613;1341;274
1614;181;28
1615;67;60
1616;71;64
1617;224;141
1618;221;183
1619;214;628
1620;236;634
1621;233;627
1622;236;643
1623;334;637
1624;219;627
1625;554;379
1626;550;384
1627;660;295
1628;242;469
1629;380;53
1630;399;50
1631;379;62
1632;381;100
1633;379;61
1634;369;58
1635;366;51
1636;1131;218
1637;1127;211
1638;1126;204
1639;1056;169
1640;1152;207
1641;1423;306
1642;450;457
1643;1068;770
1644;1080;783
1645;530;680
1646;840;772
1647;1067;736
1648;1092;739
1649;878;767
1650;1119;732
1651;485;676
1652;1215;754
1653;1185;721
1654;686;762
1655;709;763
1656;530;682
1657;848;766
1658;1203;745
1659;947;759
1660;803;762
1661;1176;695
1662;1204;752
1663;1185;749
1664;383;621
1665;1133;737
1666;834;765
1667;1159;741
1668;912;765
1669;207;594
1670;1891;222
1671;1884;222
1672;1880;224
1673;1874;227
1674;1634;286
1675;1120;197
1676;513;38
1677;535;45
1678;1356;277
1679;1333;262
1680;1365;282
1681;530;42
1682;631;68
1683;624;71
1684;506;40
1685;524;37
1686;1213;211
1687;347;65
1688;1235;187
1689;670;77
1690;624;64
1691;683;78
1692;627;68
1693;521;33
1694;518;36
1695;611;68
1696;1444;226
1697;1455;199
1698;1461;195
1699;1616;182
1700;1657;108
1701;1628;75
1702;1630;73
1703;1663;64
1704;1658;64
1705;1655;61
1706;1646;57
1707;1650;57
1708;1649;56
1709;1663;35
1710;1652;34
1711;1645;30
1712;1640;22
1713;1564;11
1714;1561;4
1715;344;344
1716;296;341
1717;367;337
1718;225;336
1719;198;331
1720;297;331
1721;387;330
1722;345;325
1723;190;325
1724;180;318
1725;174;316
1726;355;313
1727;325;315
1728;155;314
1729;300;314
1730;144;313
1731;320;313
1732;302;311
1733;315;309
1734;310;308
1735;342;260
1736;302;240
1737;368;239
1738;301;238
1739;388;233
1740;222;180
1741;1468;5
1742;5;578
1743;2;569
1744;10;568
1745;88;528
1746;80;497
1747;41;496
1748;40;491
1749;10;459
1750;32;457
1751;1884;181
1752;1429;103
1753;1474;31
1754;1484;20
1755;1488;16
1756;1489;7
1757;1477;17
1758;1848;249
1759;1857;253
1760;1869;255
1761;1879;256
1762;1887;259
1763;1890;259
1764;1233;793
1765;1227;789
1766;1246;758
1767;1089;784
1768;1084;784
1769;1093;784
1770;1076;782
1771;1102;782
1772;1083;779
1773;1069;778
1774;1078;777
1775;1110;777
1776;1100;777
1777;1074;776
1778;1116;772
1779;1118;769
1780;1058;768
1781;1113;768
1782;948;765
1783;1066;766
1784;1052;763
1785;1065;759
1786;1120;759
1787;1045;759
1788;1128;758
1789;1066;756
1790;1037;756
1791;1031;755
1792;1023;751
1793;1073;749
1794;1079;745
1795;1067;742
1796;1134;741
1797;1141;740
1798;1120;737
1799;1138;735
1800;1145;734
1801;1141;729
1802;1148;728
1803;1424;306
1804;1442;307
1805;1454;306
1806;1868;242
1807;1888;246
1808;1872;230
1809;1862;239
1810;770;120
1811;647;229
1812;697;605
1813;796;733
1814;886;711
1815;734;701
1816;720;691
1817;707;669
1818;702;654
1819;630;637
1820;579;589
1821;600;586
1822;613;584
1823;710;582
1824;614;581
1825;768;580
1826;695;550
1827;707;550
1828;609;549
1829;610;547
1830;688;479
1831;687;471
1832;683;464
1833;678;459
1834;580;389
1835;945;386
1836;942;379
1837;572;379
1838;938;375
1839;945;373
1840;953;370
1841;571;367
1842;576;358
1843;580;345
1844;597;330
1845;606;316
1846;623;284
1847;621;284
1848;672;179
1849;671;178
1850;689;144
1851;876;140
1852;692;133
1853;812;130
1854;694;130
1855;818;124
1856;699;121
1857;709;115
1858;743;114
1859;731;113
1860;719;112
1861;731;111
1862;828;103
1863;839;67
1864;831;61
1865;823;58
1866;830;55
1867;1618;694
1868;1876;662
1869;1888;660
1870;1890;657
1871;1841;640
1872;1868;636
1873;1883;635
1874;1880;633
1875;1767;588
1876;1775;571
1877;1744;562
1878;1715;548
1879;1717;543
1880;1797;525
1881;1816;466
1882;1828;443
1883;1816;425
1884;1823;414
1885;1817;413
1886;1825;407
1887;1829;385
1888;998;369
1889;1027;368
1890;880;354
1891;833;341
1892;964;319
1893;981;311
1894;925;309
1895;916;307
1896;962;306
1897;956;302
1898;954;296
1899;662;294
1900;1878;285
1901;964;279
1902;973;278
1903;975;276
1904;943;271
1905;935;269
1906;943;251
1907;1558;248
1908;911;241
1909;910;238
1910;964;235
1911;889;233
1912;881;231
1913;966;229
1914;916;226
1915;884;222
1916;897;221
1917;894;220
1918;869;220
1919;872;220
1920;963;219
1921;867;219
1922;959;219
1923;873;219
1924;898;217
1925;867;217
1926;873;217
1927;869;215
1928;871;215
1929;974;215
1930;881;212
1931;922;211
1932;841;211
1933;869;210
1934;872;210
1935;904;209
1936;908;208
1937;850;207
1938;842;207
1939;982;206
1940;855;205
1941;905;204
1942;837;204
1943;859;202
1944;876;201
1945;834;201
1946;867;200
1947;864;200
1948;875;199
1949;879;197
1950;1332;193
1951;1332;192
1952;834;195
1953;1332;194
1954;1333;191
1955;1334;190
1956;1340;192
1957;1335;190
1958;1337;190
1959;1336;190
1960;872;189
1961;870;189
1962;872;187
1963;873;185
1964;868;184
1965;937;180
1966;844;177
1967;939;175
1968;878;175
1969;872;173
1970;877;173
1971;875;171
1972;897;169
1973;896;167
1974;900;165
1975;859;163
1976;871;163
1977;872;161
1978;946;159
1979;861;158
1980;869;158
1981;806;158
1982;843;158
1983;854;156
1984;813;155
1985;815;155
1986;822;155
1987;808;154
1988;845;153
1989;817;153
1990;796;153
1991;807;152
1992;817;152
1993;877;151
1994;795;151
1995;873;151
1996;816;150
1997;808;149
1998;811;149
1999;810;149
2000;877;148
2001;824;147
2002;792;145
2003;880;141
2004;816;138
2005;867;138
2006;812;137
2007;823;135
2008;797;134
2009;865;134
2010;819;133
2011;130;129
2012;1431;129
2013;827;127
2014;1410;125
2015;835;125
2016;1404;121
2017;1428;120
2018;803;117
2019;1429;115
2020;1404;111
2021;760;110
2022;774;110
2023;1426;109
2024;1407;109
2025;1420;107
2026;1414;106
2027;768;105
2028;628;71
2029;1873;20
2030;1242;774
2031;1210;750
2032;1198;739
2033;1083;734
2034;1137;732
2035;1188;728
2036;1106;721
2037;1114;717
2038;1182;715
2039;1121;713
2040;1157;710
2041;1151;709
2042;1134;703
2043;1177;702
2044;1140;698
2045;1150;686
2046;1155;680
2047;1171;680
2048;1176;680
2049;1165;676
2050;1159;675
2051;1065;763
2052;1070;752
2053;1146;733
2054;1194;632
2055;1208;599
2056;1195;604
2057;1208;574
2058;1224;535
2059;1219;575
2060;1235;535
2061;1245;503
2062;1234;501
2063;1248;489
2064;1237;488
2065;1254;459
2066;1243;458
2067;1245;442
2068;1255;442
2069;1261;380
2070;1251;377
2071;1314;327
2072;1302;327
2073;1296;325
2074;1327;323
2075;1285;320
2076;1336;316
2077;1279;312
2078;1341;308
2079;1273;302
2080;1342;301
2081;1260;297
2082;1342;297
2083;1222;292
2084;1396;291
2085;1233;290
2086;1211;290
2087;1339;290
2088;1384;288
2089;1242;287
2090;1202;286
2091;1199;285
2092;1333;283
2093;1248;283
2094;1330;281
2095;1273;278
2096;1251;280
2097;1194;279
2098;1253;277
2099;1192;276
2100;1189;271
2101;1189;267
2102;1258;265
2103;1190;260
2104;1329;258
2105;1324;254
2106;1275;252
2107;1196;251
2108;1198;249
2109;1202;246
2110;1316;245
2111;1235;241
2112;1227;241
2113;1220;241
2114;1312;240
2115;1275;239
2116;1263;238
2117;1309;235
2118;1275;222
2119;1263;221
2120;1301;219
2121;1208;212
2122;1262;211
2123;1218;209
2124;1222;207
2125;1274;204
2126;1229;202
2127;1261;197
2128;1273;195
2129;1234;195
2130;1235;191
2131;1260;187
2132;1254;159
2133;1234;157
2134;1232;132
2135;1257;125
2136;1242;112
2137;1230;112
2138;1251;105
2139;1237;97
2140;1230;95
2141;1240;72
2142;1214;31
2143;1246;735
2144;1250;748
2145;1249;756
2146;579;636
2147;978;317
2148;1044;537
2149;1049;536
2150;1050;535
2151;1052;534
2152;1054;533
2153;1055;531
2154;1056;529
2155;1057;528
2156;469;664
2157;466;323
2158;427;362
2159;480;325
2160;475;324
2161;494;326
2162;393;360
2163;509;332
2164;423;363
2165;450;365
2166;458;323
2167;564;362
2168;448;402
2169;423;369
2170;535;352
2171;489;421
2172;530;357
2173;450;377
2174;439;372
2175;539;348
2176;429;371
2177;446;374
2178;513;375
2179;524;364
2180;454;326
2181;452;339
2182;464;439
2183;462;439
2184;468;439
2185;472;437
2186;476;435
2187;482;429
2188;486;426
2189;487;420
2190;494;417
2191;496;415
2192;498;411
2193;500;406
2194;488;407
2195;486;405
2196;501;390
2197;507;382
2198;565;361
2199;567;359
2200;557;354
2201;555;353
2202;553;351
2203;553;350
2204;554;349
2205;541;348
2206;540;348
2207;1871;231
2208;1146;529
2209;1155;528
2210;1140;526
2211;1163;525
2212;1137;521
2213;1136;514
2214;1085;506
2215;1085;496
2216;1084;482
2217;1046;458
2218;1044;454
2219;1039;443
2220;1226;439
2221;1214;437
2222;1220;381
2223;1235;348
2224;1224;347
2225;850;133
2226;406;43
2227;859;119
2228;498;477
2229;491;463
2230;474;460
2231;475;458
2232;507;457
2233;509;455
2234;515;455
2235;516;448
2236;516;453
2237;517;449
2238;517;452
2239;517;451
2240;403;440
2241;445;421
2242;391;320
2243;420;319
2244;465;318
2245;528;316
2246;592;314
2247;465;314
2248;442;312
2249;461;312
2250;464;311
2251;420;306
2252;458;300
2253;536;298
2254;476;294
2255;654;292
2256;567;283
2257;611;281
2258;606;281
2259;613;280
2260;617;279
2261;612;278
2262;596;278
2263;570;277
2264;612;277
2265;595;277
2266;597;276
2267;539;276
2268;566;276
2269;598;275
2270;596;274
2271;598;274
2272;592;273
2273;621;272
2274;541;270
2275;569;269
2276;607;269
2277;570;268
2278;527;267
2279;441;267
2280;604;266
2281;600;266
2282;608;265
2283;442;264
2284;544;264
2285;611;264
2286;594;263
2287;608;262
2288;419;262
2289;585;262
2290;429;261
2291;540;261
2292;577;260
2293;530;259
2294;569;259
2295;439;258
2296;561;258
2297;541;255
2298;553;255
2299;544;255
2300;490;253
2301;546;251
2302;481;250
2303;548;247
2304;541;246
2305;603;245
2306;493;244
2307;594;243
2308;587;241
2309;622;240
2310;474;240
2311;619;239
2312;545;239
2313;579;239
2314;492;238
2315;473;237
2316;571;236
2317;484;236
2318;568;236
2319;497;234
2320;563;234
2321;472;233
2322;547;233
2323;555;232
2324;610;230
2325;471;228
2326;601;228
2327;550;227
2328;500;227
2329;432;224
2330;472;224
2331;423;223
2332;453;223
2333;575;223
2334;503;221
2335;615;220
2336;473;220
2337;554;220
2338;451;219
2339;443;219
2340;433;218
2341;603;216
2342;450;215
2343;506;215
2344;476;213
2345;730;213
2346;490;210
2347;620;210
2348;478;209
2349;482;208
2350;651;208
2351;638;207
2352;634;206
2353;637;205
2354;652;205
2355;623;205
2356;601;205
2357;741;204
2358;489;204
2359;493;204
2360;646;204
2361;487;204
2362;641;202
2363;647;202
2364;485;202
2365;639;201
2366;641;201
2367;603;200
2368;684;200
2369;627;197
2370;457;197
2371;641;196
2372;445;196
2373;637;195
2374;516;194
2375;517;193
2376;514;192
2377;597;189
2378;653;189
2379;520;188
2380;461;187
2381;516;187
2382;646;187
2383;520;186
2384;463;185
2385;460;185
2386;647;184
2387;461;183
2388;574;183
2389;643;183
2390;625;182
2391;464;182
2392;752;181
2393;504;181
2394;427;181
2395;437;180
2396;447;180
2397;465;180
2398;462;180
2399;496;179
2400;505;178
2401;464;178
2402;496;177
2403;603;176
2404;604;175
2405;726;174
2406;601;174
2407;537;173
2408;668;172
2409;724;171
2410;528;170
2411;582;169
2412;725;169
2413;720;167
2414;567;166
2415;605;165
2416;560;164
2417;532;161
2418;551;161
2419;536;159
2420;539;158
2421;660;158
2422;655;156
2423;731;156
2424;659;155
2425;528;155
2426;725;154
2427;676;154
2428;494;154
2429;503;153
2430;511;153
2431;535;151
2432;661;150
2433;707;150
2434;662;147
2435;666;145
2436;661;144
2437;529;136
2438;492;132
2439;509;131
2440;500;131
2441;576;129
2442;507;128
2443;603;128
2444;499;128
2445;576;128
2446;568;127
2447;570;126
2448;587;124
2449;586;123
2450;534;123
2451;527;122
2452;677;122
2453;672;120
2454;482;119
2455;607;118
2456;490;117
2457;632;115
2458;480;115
2459;552;114
2460;496;114
2461;489;114
2462;590;114
2463;586;112
2464;615;111
2465;611;111
2466;496;111
2467;480;105
2468;488;104
2469;700;104
2470;685;103
2471;482;103
2472;486;103
2473;681;102
2474;684;101
2475;497;98
2476;682;98
2477;679;96
2478;594;95
2479;580;92
2480;411;89
2481;579;89
2482;565;87
2483;404;86
2484;381;86
2485;566;85
2486;578;82
2487;584;81
2488;590;80
2489;568;79
2490;602;79
2491;559;77
2492;594;77
2493;598;68
2494;495;64
2495;510;455
2496;512;455
2497;514;447
2498;512;447
2499;510;447
2500;509;448
2501;507;448
2502;506;450
2503;506;451
2504;506;453
2505;507;454
2506;469;465
2507;459;457
2508;458;467
2509;469;463
2510;468;459
2511;466;458
2512;455;460
2513;455;464
2514;455;465
2515;457;467
2516;459;468
2517;461;468
2518;457;458
2519;466;467
2520;468;466
2521;459;474
2522;548;385
2523;631;287
2524;721;272
2525;718;263
2526;713;262
2527;707;263
2528;703;265
2529;694;283
2530;721;265
2531;722;267
2532;716;262
2533;700;271
2534;671;262
2535;640;285
2536;1498;684
2537;1456;670
2538;1467;652
2539;1449;654
2540;1431;649
2541;1435;646
2542;1454;621
2543;1754;565
2544;1820;401
2545;1827;402
2546;1836;399
2547;1810;395
2548;1812;387
2549;1817;383
2550;1802;383
2551;1843;377
2552;1820;374
2553;1811;372
2554;1834;371
2555;1793;370
2556;1776;358
2557;1754;355
2558;1829;353
2559;1836;352
2560;1693;328
2561;1706;326
2562;1699;322
2563;1707;524
2564;1731;519
2565;1686;518
2566;1711;516
2567;1712;514
2568;1690;510
2569;1348;63
2570;1859;56
2571;1470;28
2572;1474;13
2573;1417;126
2574;1426;123
2575;1428;112
2576;1424;108
2577;1410;107
2578;1407;123
2579;1436;91
2580;1448;95
2581;1486;84
2582;1503;70
2583;1508;62
2584;1507;51
2585;1493;81
2586;1564;1
2587;1711;123
2588;1706;129
2589;1698;135
2590;1689;140
2591;1684;141
2592;1673;144
2593;1663;148
2594;1748;217
2595;1749;210
2596;1752;201
2597;1756;193
2598;1762;184
2599;1766;177
2600;1753;200
2601;1750;193
2602;1748;184
2603;1718;202
2604;1599;31
2605;1607;19
2606;1105;45
2607;1110;47
2608;1113;53
2609;1115;63
2610;1114;73
2611;1115;78
2612;1125;80
2613;1130;82
2614;1136;88
2615;1144;96
2616;1151;102
2617;1154;103
2618;1126;1
2619;1129;12
2620;1132;23
2621;1135;40
2622;1139;56
2623;1217;99
2624;1211;98
2625;1209;94
2626;1211;87
2627;1211;80
2628;1202;57
2629;1195;43
2630;1195;40
2631;1194;34
2632;1193;28
2633;1190;24
2634;1188;23
2635;1190;45
2636;1185;48
2637;1181;51
2638;1180;56
2639;1259;7
2640;1109;188
2641;1116;172
2642;1125;174
2643;1117;190
2644;1135;180
2645;1145;184
2646;1185;196
2647;1191;197
2648;1203;181
2649;1205;179
2650;1195;164
2651;1192;151
2652;1178;137
2653;1170;143
2654;1162;148
2655;1193;195
2656;1178;182
2657;1149;157
2658;1100;144
2659;1122;179
2660;1133;188
2661;1186;204
2662;1205;178
2663;1204;176
2664;1402;2
2665;1407;7
2666;1411;13
2667;1414;17
2668;1417;26
2669;1420;34
2670;1424;40
2671;1428;48
2672;1428;52
2673;1428;56
2674;1424;62
2675;1420;67
2676;1422;75
2677;1424;83
2678;1426;90
2679;1428;93
2680;1429;94
2681;1550;97
2682;1532;102
2683;1525;103
2684;1503;104
2685;1516;67
2686;1510;71
2687;1506;76
2688;1508;82
2689;1510;91
2690;1509;97
2691;1506;102
2692;1440;231
2693;1435;239
2694;1430;241
2695;1426;242
2696;1829;6
2697;1820;24
2698;1822;19
2699;1829;27
2700;1825;13
2701;1813;10
2702;1112;50
2703;1089;151
2704;1086;148
2705;1057;110
2706;1850;14
2707;1844;32
2708;1687;52
2709;1788;237
2710;1799;223
2711;1794;248
2712;1791;246
2713;1855;71
2714;1853;15
2715;1867;19
2716;76;164
2717;156;157
2718;1382;315
2719;1364;447
2720;1358;439
2721;1334;418
2722;1306;397
2723;1413;442
2724;1413;433
2725;1407;426
2726;1394;415
2727;1375;404
2728;1317;364
2729;1337;410
2730;1349;404
2731;1360;394
2732;1364;389
2733;1377;384
2734;1565;407
2735;1573;411
2736;1585;410
2737;1588;426
2738;1814;420
2739;814;517
2740;808;515
2741;801;514
2742;796;515
2743;779;528
2744;809;515
2745;786;531
2746;503;505
2747;500;508
2748;500;514
2749;503;522
2750;509;524
2751;514;523
2752;519;524
2753;522;527
2754;523;533
2755;521;537
2756;516;541
2757;512;543
2758;504;544
2759;498;545
2760;492;547
2761;488;548
2762;525;533
2763;533;530
2764;541;527
2765;549;525
2766;556;520
2767;557;516
2768;36;474
2769;26;483
2770;1658;514
2771;1645;561
2772;1631;560
2773;1877;351
2774;644;770
2775;585;754
2776;1018;770
2777;1424;441
2778;1563;498
2779;1714;320
2780;1734;320
2781;1665;524
2782;1508;793
2783;1363;709
2784;1439;797
2785;1458;779
2786;1457;778
2787;1457;777
2788;1457;775
2789;1458;774
2790;1468;774
2791;1468;775
2792;1469;777
2793;1468;778
2794;1467;779
2795;1459;773
2796;1461;772
2797;1463;772
2798;1465;772
2799;1466;773
2800;1465;780
2801;1464;781
2802;1462;781
2803;1460;780
2804;1469;770
2805;1428;747
2806;1417;757
2807;1452;776
2808;1339;702
2809;1388;730
2810;1392;726
2811;1137;615
2812;1139;612
2813;1169;598
2814;1128;596
2815;1118;600
2816;1140;592
2817;1150;588
2818;1134;584
2819;1134;604
2820;1164;591
2821;1042;707
2822;1052;721
2823;1081;715
2824;1085;715
2825;1092;719
2826;1095;719
2827;1105;712
2828;1006;719
2829;1049;719
2830;766;633
2831;769;668
2832;691;639
2833;766;636
2834;827;634
2835;421;603
2836;434;611
2837;470;629
2838;486;628
2839;486;632
2840;475;633
2841;413;526
2842;421;520
2843;432;514
2844;407;525
2845;464;468
2846;462;480
2847;458;481
2848;469;461
2849;490;442
2850;477;450
2851;500;431
2852;521;411
2853;464;457
2854;45;795
2855;1540;20
2856;1543;45
2857;1549;133
2858;1569;171
2859;1587;114
2860;1588;91
2861;1644;86
2862;1651;93
2863;1660;112
2864;1681;85
2865;1668;20
2866;1429;114
2867;1458;111
2868;1408;272
2869;1405;274
2870;1411;277
2871;1414;275
2872;1463;280
2873;1647;277
2874;1645;266
2875;1646;232
2876;1660;232
2877;1613;294
2878;1592;258
2879;1488;247
2880;1583;120
2881;1582;123
2882;1139;793
2883;1168;774
2884;1173;777
2885;1198;764
2886;1824;393
2887;1829;394
2888;1834;362
2889;1839;364
2890;1855;271
2891;1856;275
2892;1870;281
2893;1875;279
2894;1877;267
2895;1868;263
2896;656;795
2897;923;785
2898;904;785
2899;1024;788
2900;1002;792
2901;1764;357
2902;1806;338
2903;1833;322
2904;1540;432
2905;1543;427
2906;1540;434
2907;1537;429
2908;1422;542
2909;1418;542
2910;1466;553
2911;1477;559
2912;1414;552
2913;1410;545
2914;1343;459
2915;1343;452
2916;1345;451
2917;1348;449
2918;1341;455
2919;1340;453
2920;1337;452
2921;1334;451
2922;1331;451
2923;1264;458
2924;1263;462
2925;1266;465
2926;1273;457
2927;1268;458
2928;1267;460
2929;1267;463
2930;1269;464
2931;1273;465
2932;1273;455
2933;1273;467
2934;1266;457
2935;1399;593
2936;1502;595
2937;1287;657
2938;1269;663
2939;1256;666
2940;1244;668
2941;1228;670
2942;1215;670
2943;1207;670
2944;1192;671
2945;1251;752
2946;1270;696
2947;1527;613
2948;1606;626
2949;1533;656
2950;1433;647
2951;1342;529
2952;1351;532
2953;1372;561
2954;1387;556
2955;1706;763
2956;1709;758
2957;1657;743
2958;1655;748
2959;1516;564
2960;1518;561
2961;1477;565
2962;1486;585
2963;1505;588
2964;1506;415
2965;1523;422
2966;1542;422
2967;1686;390
2968;1682;402
2969;1635;401
2970;1634;403
2971;1717;319
2972;1898;199
2973;1918;732
2974;1919;714
2975;1905;716
2976;1839;644
2977;1873;255
2978;1862;254
2979;1891;262
2980;1635;303
2981;1661;320
2982;1710;295
2983;1762;235
2984;1764;233
2985;1824;156
2986;1821;152
2987;1859;62
2988;1870;19
2989;1872;20
2990;1824;0
2991;1914;139
2992;1899;159
2993;1817;237
2994;1808;238
2995;1798;227
2996;1808;197
2997;1840;111
2998;1843;101
2999;1874;28
3000;1882;8
3001;1691;57
3002;1829;75
3003;1805;78
3004;1727;217
3005;1704;173
3006;1660;146
3007;1563;5
3008;1486;17
3009;1495;0
3010;1488;3
3011;1487;5
3012;1612;239
3013;1612;238
3014;1612;236
3015;1607;225
3016;1608;228
3017;1614;227
3018;1616;227
3019;1619;228
3020;1621;230
3021;1622;231
3022;1611;267
3023;1612;270
3024;1613;273
3025;1613;275
3026;1614;275
3027;1616;275
3028;1557;151
3029;1583;295
3030;1540;246
3031;1550;249
3032;1554;253
3033;1475;195
3034;1462;187
3035;1439;142
3036;1438;144
3037;1440;139
3038;1449;142
3039;1457;148
3040;1479;162
3041;1436;134
3042;1383;156
3043;1382;167
3044;1387;158
3045;1381;178
3046;1380;216
3047;1400;267
3048;1404;267
3049;1430;281
3050;1401;270
3051;1397;255
3052;1383;210
3053;1388;209
3054;1427;92
3055;1420;70
3056;1428;53
3057;1472;21
3058;1480;23
3059;1470;8
3060;1474;9
3061;1183;21
3062;1172;17
3063;1165;11
3064;1162;3
3065;1059;22
3066;1033;40
3067;976;74
3068;981;73
3069;1062;103
3070;1084;145
3071;1096;23
3072;1060;17
3073;1061;2
3074;1757;216
3075;1760;217
3076;1761;212
3077;1760;207
3078;1766;191
3079;1708;148
3080;1618;198
3081;1626;200
3082;1666;209
3083;1718;222
3084;1605;195
3085;1600;209
3086;1597;212
3087;1458;196
3088;1452;283
3089;1455;286
3090;1455;285
3091;1453;283
3092;1455;279
3093;1458;280
3094;1461;283
3095;1460;282
3096;1459;281
3097;1461;285
3098;1462;93
3099;1463;97
3100;1462;108
3101;1453;95
3102;1483;86
3103;1450;95
3104;1565;10
3105;1268;101
3106;1268;107
3107;1340;191
3108;1339;190
3109;1333;195
3110;1334;196
3111;1336;196
3112;1337;196
3113;1338;196
3114;1339;195
3115;1340;194
3116;1350;194
3117;1352;194
3118;1371;181
3119;1368;182
3120;1373;180
3121;1376;174
3122;1074;54
3123;1070;54
3124;1128;80
3125;1148;100
3126;1114;75
3127;1115;71
3128;1115;68
3129;1114;58
3130;1113;52
3131;1130;15
3132;1131;18
3133;1137;48
3134;1638;65
3135;1640;62
3136;1643;59
3137;1647;56
3138;1660;64
3139;1661;64
3140;1657;63
3141;1663;66
3142;1664;70
3143;1747;108
3144;1767;102
3145;1716;117
3146;1801;79
3147;1832;74
3148;1858;57
3149;1860;56
3150;1856;57
3151;1765;104
3152;1702;132
3153;1691;160
3154;1694;161
3155;1665;149
3156;1593;89
3157;1588;10
3158;1457;197
3159;1186;21
3160;1712;113
3161;1496;251
3162;1502;247
3163;1498;249
3164;1300;66
3165;1294;66
3166;1296;66
3167;1280;80
3168;1278;84
3169;1292;66
3170;1427;44
3171;1476;89
3172;1496;77
3173;1498;74
3174;1505;66
3175;1508;64
3176;1513;64
3177;1515;65
3178;1515;68
3179;1513;69
3180;1509;51
3181;1444;71
3182;1448;73
3183;1432;113
3184;1428;124
3185;1428;123
3186;1428;124
3187;1428;122
3188;1430;127
3189;1430;128
3190;1404;5
3191;1409;10
3192;1408;9
3193;1415;20
3194;1416;24
3195;1413;15
3196;1408;10
3197;1400;0
3198;1329;202
3199;1348;199
3200;1360;260
3201;1410;187
3202;1551;483
3203;990;481
3204;921;446
3205;1012;441
3206;1030;442
3207;1084;483
3208;1085;485
3209;990;429
3210;969;470
3211;966;475
3212;1047;446
3213;1095;488
3214;1085;498
3215;1111;488
3216;1126;504
3217;1089;494
3218;1085;494
3219;1039;470
3220;1144;509
3221;1149;507
3222;1176;507
3223;1181;513
3224;1198;519
3225;1209;526
3226;1216;533
3227;687;573
3228;709;572
3229;769;547
3230;597;506
3231;608;60
3232;625;32
3233;625;30
3234;622;28
3235;618;29
3236;609;45
3237;609;49
3238;612;51
3239;607;60
3240;626;29
3241;624;26
3242;603;28
3243;591;49
3244;592;51
3245;595;53
3246;603;53
3247;610;54
3248;833;525
3249;837;526
3250;840;525
3251;844;524
3252;853;515
3253;863;554
3254;869;555
3255;874;556
3256;879;556
3257;884;556
3258;804;519
3259;804;500
3260;811;506
3261;933;409
3262;984;424
3263;991;423
3264;1131;508
3265;375;96
3266;470;159
3267;467;167
3268;460;171
3269;347;344
3270;184;381
3271;394;396
3272;313;460
3273;299;425
3274;300;411
3275;300;414
3276;338;417
3277;337;424
3278;299;421
3279;235;437
3280;237;411
3281;186;443
3282;189;440
3283;197;419
3284;199;405
3285;234;407
3286;204;416
3287;237;418
3288;349;354
3289;346;366
3290;302;363
3291;298;370
3292;342;372
3293;208;353
3294;213;365
3295;257;368
3296;258;359
3297;209;356
3298;267;358
3299;293;361
3300;261;338
3301;264;347
3302;293;349
3303;298;341
3304;216;335
3305;203;332
3306;441;509
3307;447;509
3308;481;536
3309;381;567
3310;391;561
3311;321;552
3312;254;556
3313;253;570
3314;202;560
3315;204;565
3316;38;601
3317;5;740
3318;3;731
3319;27;737
3320;9;798
3321;2;743
3322;553;780
3323;540;778
3324;523;777
3325;370;796
3326;938;411
3327;1880;23
3328;1774;48
3329;1765;59
3330;1725;30
3331;1667;23
3332;1665;50
3333;1664;58
3334;1641;26
3335;1641;24
3336;1643;28
3337;1648;32
3338;1656;35
3339;1660;35
3340;1477;27
3341;1471;25
3342;1668;145
3343;1566;163
3344;1559;154
3345;1547;123
3346;1553;65
3347;1546;53
3348;1544;49
3349;1549;56
3350;1539;38
3351;1541;42
3352;1537;25
3353;1548;17
3354;1562;12
3355;1337;69
3356;1334;91
3357;1452;313
3358;1378;313
3359;1374;312
3360;1370;313
3361;1364;315
3362;1360;317
3363;1357;320
3364;1318;358
3365;1316;363
3366;1316;362
3367;1316;360
3368;1317;359
3369;1329;418
3370;1323;419
3371;1319;420
3372;1315;423
3373;1313;425
3374;865;565
3375;871;562
3376;874;561
3377;877;561
3378;881;561
3379;884;560
3380;886;559
3381;892;558
3382;997;581
3383;993;574
3384;1013;608
3385;1012;609
3386;1010;612
3387;1007;614
3388;1006;616
3389;1006;619
3390;1041;680
3391;1055;703
3392;1030;611
3393;1031;639
3394;1029;610
3395;1037;649
3396;1048;656
3397;1051;658
3398;1052;660
3399;1052;662
3400;1052;664
3401;1052;675
3402;1067;699
3403;1469;674
3404;455;524
3405;465;529
3406;470;529
3407;475;529
3408;479;529
3409;456;513
3410;459;515
3411;463;518
3412;466;521
3413;470;525
3414;471;527
3415;470;529
3416;451;512
3417;479;524
3418;480;508
3419;372;536
3420;386;531
3421;770;466
3422;783;467
3423;948;678
3424;966;708
3425;1167;507
3426;1174;504
3427;1179;501
3428;1187;498
3429;1193;494
3430;1203;490
3431;1217;486
3432;1229;483
3433;1231;480
3434;1232;475
3435;1232;467
3436;1234;464
3437;1148;664
3438;1164;633
3439;1184;598
3440;1187;593
3441;1261;476
3442;1267;476
3443;1274;476
3444;1284;475
3445;1293;473
3446;1308;470
3447;1322;467
3448;1333;466
3449;1343;465
3450;1351;465
3451;1885;684
3452;148;281
3453;83;277
3454;80;310
3455;78;320
3456;75;323
3457;69;324
3458;0;249
3459;1;245
3460;7;241
3461;14;240
3462;27;241
3463;77;245
3464;80;247
3465;84;250
3466;84;254
3467;58;261
3468;74;263
3469;79;265
3470;84;269
3471;5;390
3472;8;375
3473;43;377
3474;43;369
3475;0;374
3476;1;390
3477;52;400
3478;49;406
3479;65;410
3480;79;407
3481;857;623
3482;837;628
3483;844;670
3484;861;678
3485;861;687
3486;854;700
3487;825;700
3488;825;692
3489;981;127
3490;987;128
3491;1004;141
3492;1007;147
3493;1712;115
3494;1712;112
3495;1728;110
3496;1728;113
3497;1719;117
3498;1713;116
3499;1710;112
3500;1718;114
3501;1769;101
3502;1765;108
3503;1768;105
3504;1823;76
3505;1825;71
3506;1825;70
3507;1826;69
3508;1828;69
3509;1835;72
3510;1682;141
3511;1686;141
3512;1681;141
3513;1677;142
3514;1685;141
3515;25;577
3516;35;577
3517;41;575
3518;54;573
3519;63;571
3520;74;569
3521;87;568
3522;94;568
3523;99;566
3524;103;562
3525;104;558
3526;101;556
3527;97;555
3528;95;555
3529;97;567
3530;105;572
3531;4;586
3532;12;587
3533;20;585
3534;27;582
3535;33;579
3536;0;580
3537;9;575
3538;1;584
3539;28;582
3540;0;583
3541;361;591
3542;351;588
3543;339;586
3544;324;584
3545;316;584
3546;311;583
3547;310;580
3548;311;566
3549;297;565
3550;296;577
3551;299;579
3552;303;565
3553;302;579
3554;514;605
3555;576;584
3556;575;583
3557;575;581
3558;576;575
3559;576;570
3560;576;567
3561;575;566
3562;573;565
3563;570;565
3564;567;565
3565;562;569
3566;557;572
3567;553;572
3568;550;573
3569;548;573
3570;545;574
3571;538;577
3572;575;563
3573;576;559
3574;575;515
3575;607;503
3576;674;495
3577;676;493
3578;890;554
3579;976;754
3580;927;769
3581;850;773
3582;467;654
3583;381;614
3584;309;604
3585;311;597
3586;234;590
3587;135;593
3588;137;598
3589;154;578
3590;177;617
3591;158;562
3592;175;573
3593;282;584
3594;182;606
3595;163;606
3596;580;755
3597;625;700
3598;641;766
3599;652;752
3600;598;766
3601;623;789
3602;1200;756
3603;447;753
3604;588;633
3605;406;536
3606;402;536
3607;325;333
3608;209;324
3609;210;318
3610;219;318
3611;212;282
3612;254;327
3613;245;327
3614;212;299
3615;246;320
3616;249;337
3617;246;337
3618;328;335
3619;330;339
3620;330;343
3621;1556;675
3622;1565;674
3623;1518;679
3624;1508;682
3625;1495;686
3626;1464;653
3627;1461;653
3628;1458;654
3629;1452;652
3630;1455;653
3631;1462;659
3632;1465;656
3633;1461;663
3634;1461;661
3635;1463;658
3636;1450;653
3637;1458;670
3638;1460;670
3639;1478;644
3640;1471;650
3641;1606;378
3642;1616;381
3643;1612;380
3644;1776;231
3645;1756;226
3646;1747;227
3647;1739;230
3648;1767;223
3649;1769;224
3650;1760;222
3651;1756;221
3652;1754;221
3653;1749;222
3654;1746;222
3655;1744;223
3656;1738;225
3657;1736;226
3658;1850;263
3659;1859;267
3660;1861;267
3661;1866;269
3662;1868;269
3663;1870;269
3664;1855;265
3665;1876;270
3666;1880;270
3667;1878;270
3668;1802;249
3669;1803;250
3670;1789;253
3671;1791;251
3672;1792;250
3673;1795;250
3674;1797;250
3675;1799;250
3676;1802;251
3677;1836;266
3678;1833;266
3679;1845;266
3680;1880;265
3681;1891;263
3682;1889;259
3683;1826;388
3684;1829;389
3685;1837;366
3686;1834;365
3687;1834;360
3688;1841;360
3689;1905;75
3690;1903;68
3691;1809;149
3692;1574;28
3693;1578;34
