1;54;1595;
2;1595;52;
3;52;251;
4;251;2156;
5;35;13;
6;13;1791;
7;1791;1790;
8;1790;113;
9;113;1787;
10;1787;14;
11;14;1784;
12;1784;114;
13;23;1652;
14;1652;2031;
15;2031;1658;
16;1658;2032;
17;2032;3;
18;3;2035;
19;2035;1653;
20;1653;2038;
21;2038;2;
22;2;2043;
23;2043;1661;
24;1661;1;
25;1;2048;
26;2048;91;
27;92;2049;
28;2049;7;
29;7;2041;
30;2041;22;
31;92;8;
32;8;2050;
33;2050;2046;
34;2046;2045;
35;2045;9;
36;9;2044;
37;2044;2042;
38;2042;10;
39;10;2039;
40;2039;2037;
41;2037;2036;
42;2036;11;
43;11;12;
44;12;32;
45;104;2140;
46;2140;2137;
47;2137;2134;
48;2134;2133;
49;2133;74;
50;107;2102;
51;2102;182;
52;182;2098;
53;2098;2096;
54;2096;2093;
55;2093;73;
56;73;2089;
57;2089;183;
58;183;2085;
59;2085;72;
60;72;2083;
61;2083;184;
62;184;2086;
63;2086;71;
64;71;2090;
65;2090;2091;
66;2091;185;
67;185;2097;
68;2097;2099;
69;2099;70;
70;70;2100;
71;2100;2101;
72;2101;186;
73;186;2103;
74;2103;69;
75;69;187;
76;187;2107;
77;2107;2108;
78;2108;2109;
79;2109;68;
80;68;188;
81;188;67;
82;67;2113;
83;2113;2112;
84;2112;2111;
85;2111;189;
86;85;2094;
87;2094;2092;
88;2092;86;
89;86;2087;
90;2087;193;
91;193;2082;
92;2082;2080;
93;2080;194;
94;194;2078;
95;2078;87;
96;87;2076;
97;2076;191;
98;191;2074;
99;2074;88;
100;88;2071;
101;2071;192;
102;192;2072;
103;2072;2073;
104;2073;89;
105;89;2075;
106;2075;190;
107;190;2077;
108;2077;90;
109;90;2079;
110;2079;98;
111;1680;1678;
112;1678;80;
113;80;81;
114;81;1679;
115;1679;2104;
116;2104;2105;
117;2105;82;
118;82;2110;
119;2110;2114;
120;2114;2117;
121;2117;83;
122;83;2120;
123;2120;84;
124;84;102;
125;1250;3685;
126;3685;2889;
127;2889;3688;
128;3688;336;
129;336;339;
130;339;340;
131;223;1574;
132;1574;222;
133;57;59;
134;59;3586;
135;3586;61;
136;61;1608;
137;1608;63;
138;63;3587;
139;3587;65;
140;65;1600;
141;1597;66;
142;66;3588;
143;3588;64;
144;64;1605;
145;1605;1669;
146;1669;62;
147;62;60;
148;60;58;
149;227;226;
150;226;3593;
151;3593;225;
152;225;224;
153;224;3592;
154;3592;1612;
155;1612;325;
156;322;3589;
157;3589;1610;
158;1610;228;
159;228;229;
160;229;3316;
161;3316;230;
162;231;1601;
163;1601;3595;
164;3595;323;
165;324;3594;
166;3594;232;
167;232;233;
168;233;234;
169;234;1598;
170;1598;235;
171;248;1594;
172;1594;249;
173;249;250;
174;250;244;
175;244;1645;
176;1645;245;
177;252;1591;
178;1591;253;
179;1588;1587;
180;1657;273;
181;273;274;
182;274;275;
183;275;276;
184;276;277;
185;277;278;
186;278;279;
187;279;280;
188;280;281;
189;281;282;
190;282;283;
191;283;284;
192;284;285;
193;285;286;
194;286;287;
195;1651;236;
196;236;237;
197;237;238;
198;238;239;
199;239;240;
200;321;308;
201;308;309;
202;309;310;
203;310;311;
204;311;312;
205;312;313;
206;313;314;
207;314;315;
208;315;316;
209;316;317;
210;317;318;
211;318;1592;
212;1592;1656;
213;1656;245;
214;287;1532;
215;1532;1534;
216;1534;1535;
217;1535;1523;
218;1523;1531;
219;1531;1525;
220;1525;1524;
221;1524;1533;
222;1533;1527;
223;1527;1528;
224;1528;1529;
225;1529;248;
226;255;1588;
227;256;2775;
228;2775;242;
229;291;292;
230;292;293;
231;293;294;
232;294;295;
233;295;296;
234;296;297;
235;297;298;
236;298;299;
237;299;300;
238;219;322;
239;322;1609;
240;1609;1606;
241;1606;1603;
242;1603;323;
243;323;220;
244;220;3590;
245;3590;1575;
246;220;324;
247;324;1604;
248;1604;1607;
249;1607;1611;
250;1611;325;
251;325;219;
252;323;324;
253;325;322;
254;224;326;
255;326;327;
256;327;328;
257;328;329;
258;329;330;
259;330;232;
260;231;331;
261;331;332;
262;332;333;
263;333;334;
264;334;228;
265;1250;2554;
266;2554;1887;
267;1039;338;
268;338;1257;
269;1257;1254;
270;1254;335;
271;335;2559;
272;2559;3687;
273;3687;2888;
274;2888;3686;
275;3686;1250;
276;156;1046;
277;366;1848;
278;1848;1850;
279;1850;369;
280;369;1142;
281;1142;362;
282;362;1141;
283;1141;1859;
284;1859;355;
285;355;368;
286;350;361;
287;372;2469;
288;2469;2427;
289;2427;2408;
290;2408;1464;
291;1464;2354;
292;2354;2350;
293;2350;371;
294;371;1442;
295;1442;2273;
296;2273;1466;
297;1466;2260;
298;2260;564;
299;564;376;
300;376;375;
301;375;1843;
302;1843;2199;
303;2199;2198;
304;2198;2167;
305;2167;506;
306;377;378;
307;487;812;
308;812;794;
309;794;3571;
310;3571;795;
311;795;796;
312;796;797;
313;797;800;
314;800;798;
315;798;799;
316;799;810;
317;810;380;
318;379;492;
319;492;531;
320;531;493;
321;378;1623;
322;1623;379;
323;2952;383;
324;383;2953;
325;2953;389;
326;389;2935;
327;2935;384;
328;384;613;
329;613;2539;
330;215;1565;
331;1565;392;
332;392;393;
333;393;3480;
334;3480;394;
335;394;3477;
336;3477;1570;
337;1570;395;
338;395;3471;
339;3471;3476;
340;218;396;
341;396;397;
342;614;388;
343;388;1008;
344;1008;438;
345;438;400;
346;400;2948;
347;2948;608;
348;608;398;
349;398;2772;
350;2772;609;
351;609;2770;
352;2770;399;
353;399;454;
354;398;450;
355;450;433;
356;433;212;
357;403;443;
358;443;423;
359;423;407;
360;407;421;
361;421;426;
362;442;441;
363;441;422;
364;422;1051;
365;430;439;
366;439;391;
367;1232;1233;
368;1233;2976;
369;2976;1234;
370;1234;1235;
371;1235;1236;
372;1236;404;
373;404;1050;
374;406;1048;
375;1048;407;
376;408;1231;
377;1231;1051;
378;409;3451;
379;3451;410;
380;410;411;
381;411;418;
382;418;417;
383;418;412;
384;412;413;
385;413;419;
386;419;408;
387;408;424;
388;424;414;
389;414;420;
390;420;415;
391;415;416;
392;416;417;
393;421;422;
394;425;2957;
395;2957;1230;
396;1230;1047;
397;1047;429;
398;429;2956;
399;2956;426;
400;426;2955;
401;2955;427;
402;427;1049;
403;1049;1229;
404;1229;2958;
405;2958;425;
406;434;431;
407;436;434;
408;434;435;
409;435;438;
410;436;440;
411;440;433;
412;445;2975;
413;2975;448;
414;448;447;
415;447;446;
416;446;2973;
417;2973;2974;
418;2974;445;
419;448;418;
420;455;1247;
421;1247;451;
422;451;2564;
423;2564;452;
424;452;1243;
425;1243;1242;
426;1242;449;
427;449;1245;
428;1245;1244;
429;1244;450;
430;453;455;
431;455;454;
432;164;165;
433;189;141;
434;141;85;
435;1657;1666;
436;1666;1660;
437;1660;41;
438;41;43;
439;43;45;
440;45;47;
441;47;49;
442;49;243;
443;19;1797;
444;1797;1800;
445;1800;1802;
446;1802;20;
447;1147;1145;
448;1145;428;
449;242;532;
450;222;462;
451;462;464;
452;464;1589;
453;1589;1571;
454;3325;550;
455;550;463;
456;463;464;
457;551;552;
458;552;465;
459;465;466;
460;466;531;
461;491;490;
462;3321;3317;
463;3317;469;
464;470;471;
465;487;476;
466;476;2146;
467;2146;319;
468;319;248;
469;253;268;
470;268;269;
471;269;270;
472;270;271;
473;271;272;
474;300;3597;
475;3597;301;
476;301;302;
477;302;303;
478;303;272;
479;248;1593;
480;1764;1765;
481;1765;2885;
482;2885;458;
483;319;483;
484;483;474;
485;474;475;
486;475;476;
487;477;478;
488;478;542;
489;542;479;
490;479;3482;
491;3482;480;
492;480;481;
493;481;2830;
494;2830;482;
495;482;521;
496;521;1390;
497;1390;1819;
498;1819;474;
499;484;505;
500;505;485;
501;485;975;
502;975;610;
503;610;486;
504;486;611;
505;611;976;
506;976;477;
507;473;484;
508;341;342;
509;342;1586;
510;1586;343;
511;343;265;
512;3318;469;
513;1571;1572;
514;1572;1573;
515;1573;1575;
516;379;1590;
517;1590;1571;
518;381;3310;
519;3310;382;
520;382;3309;
521;3309;731;
522;731;1397;
523;1397;3541;
524;3541;377;
525;542;970;
526;970;971;
527;971;972;
528;972;1073;
529;458;2883;
530;2883;459;
531;521;1378;
532;1378;1377;
533;1377;522;
534;522;3227;
535;3227;523;
536;523;524;
537;524;525;
538;525;507;
539;809;2522;
540;2522;1626;
541;1626;1187;
542;1187;512;
543;507;513;
544;513;1105;
545;1105;1131;
546;1131;514;
547;514;1106;
548;1106;1072;
549;1072;3421;
550;3421;515;
551;515;3422;
552;3422;516;
553;516;517;
554;517;518;
555;518;3252;
556;3252;519;
557;519;1086;
558;1086;520;
559;477;526;
560;526;3381;
561;3381;3578;
562;3578;527;
563;527;528;
564;528;520;
565;520;529;
566;529;538;
567;538;607;
568;607;3261;
569;3261;539;
570;506;1625;
571;1625;1188;
572;1188;512;
573;1052;532;
574;493;494;
575;494;319;
576;127;1633;
577;1633;1631;
578;1631;2484;
579;2484;781;
580;781;1632;
581;1632;771;
582;771;533;
583;533;1739;
584;1739;1329;
585;1329;2242;
586;2242;1330;
587;1330;2162;
588;2162;3271;
589;3271;1558;
590;1558;1559;
591;1559;667;
592;537;535;
593;138;1638;
594;1638;1637;
595;1637;1636;
596;1636;826;
597;826;825;
598;825;541;
599;543;544;
600;544;974;
601;974;530;
602;530;505;
603;505;2828;
604;2828;495;
605;495;2821;
606;2821;3391;
607;3391;3402;
608;3402;496;
609;372;546;
610;549;547;
611;547;548;
612;551;550;
613;552;997;
614;997;1282;
615;1282;1281;
616;1281;549;
617;549;553;
618;535;1639;
619;1639;554;
620;554;2705;
621;2705;575;
622;535;556;
623;556;557;
624;557;1024;
625;1024;1070;
626;1070;558;
627;558;559;
628;559;560;
629;560;1060;
630;1838;1453;
631;1453;1451;
632;1451;1458;
633;1458;1627;
634;1627;1444;
635;1444;1438;
636;1438;2523;
637;2523;1461;
638;1461;1846;
639;1846;1847;
640;1847;564;
641;1862;592;
642;592;571;
643;571;1863;
644;1863;573;
645;573;572;
646;1865;574;
647;574;597;
648;575;576;
649;576;1060;
650;1284;2703;
651;2703;2704;
652;2704;3070;
653;3070;1283;
654;1283;577;
655;577;3069;
656;3069;575;
657;3065;673;
658;673;578;
659;578;1062;
660;1062;1064;
661;1064;579;
662;579;1060;
663;3065;3072;
664;3072;555;
665;581;1615;
666;589;588;
667;588;587;
668;580;1018;
669;1018;1019;
670;1019;1015;
671;1015;1016;
672;1016;1023;
673;1023;1022;
674;593;594;
675;594;595;
676;596;2717;
677;2717;2716;
678;1060;1007;
679;1007;1006;
680;1006;561;
681;561;572;
682;572;593;
683;593;562;
684;562;598;
685;745;370;
686;370;1682;
687;599;1060;
688;600;2639;
689;2639;605;
690;605;601;
691;601;3159;
692;3159;3061;
693;3061;602;
694;602;3062;
695;3062;603;
696;603;3063;
697;3063;604;
698;604;3064;
699;2024;606;
700;606;1178;
701;1178;2569;
702;2569;600;
703;539;729;
704;729;3263;
705;3263;1498;
706;1498;615;
707;615;616;
708;616;1092;
709;1092;617;
710;617;730;
711;730;1013;
712;607;3204;
713;3204;1096;
714;1096;1123;
715;1123;567;
716;567;3211;
717;3211;1112;
718;1112;3203;
719;3203;566;
720;566;1505;
721;622;2984;
722;2984;2983;
723;2983;957;
724;957;1307;
725;1307;623;
726;623;624;
727;624;2734;
728;2734;621;
729;621;625;
730;625;2905;
731;2905;618;
732;618;2904;
733;2904;2906;
734;2906;1368;
735;1368;3202;
736;3202;1366;
737;1366;626;
738;626;2960;
739;2960;2959;
740;2959;627;
741;609;2778;
742;2778;626;
743;732;733;
744;733;633;
745;633;734;
746;734;634;
747;634;1364;
748;1364;639;
749;637;2540;
750;2540;2950;
751;2950;2541;
752;2541;613;
753;2538;3640;
754;3640;1101;
755;1101;3639;
756;3639;645;
757;645;646;
758;646;2936;
759;2936;2963;
760;2963;627;
761;645;2949;
762;2949;647;
763;647;1100;
764;390;614;
765;628;2961;
766;2961;648;
767;648;2911;
768;2911;649;
769;649;2910;
770;2910;650;
771;650;651;
772;651;2908;
773;2908;2909;
774;2909;652;
775;652;2913;
776;2913;630;
777;956;955;
778;955;3642;
779;3642;3643;
780;3643;954;
781;954;3641;
782;3641;624;
783;620;653;
784;653;654;
785;654;3440;
786;3440;3439;
787;3439;655;
788;655;3438;
789;3438;656;
790;656;3437;
791;3437;657;
792;657;658;
793;495;661;
794;661;662;
795;662;612;
796;970;983;
797;983;1381;
798;1381;611;
799;611;662;
800;2055;2059;
801;2059;93;
802;93;2060;
803;2060;95;
804;95;2061;
805;2061;2063;
806;2063;96;
807;664;3357;
808;3357;665;
809;665;666;
810;666;621;
811;668;3272;
812;3272;1560;
813;1560;667;
814;381;669;
815;669;3419;
816;3419;670;
817;670;1538;
818;1538;671;
819;671;672;
820;672;668;
821;669;382;
822;579;3067;
823;3067;3068;
824;3068;674;
825;674;675;
826;675;3066;
827;3066;1063;
828;1063;673;
829;676;3123;
830;3123;3122;
831;3122;677;
832;677;678;
833;678;3071;
834;3071;1061;
835;2572;3057;
836;3057;3341;
837;3341;2571;
838;2571;3181;
839;3181;2680;
840;2680;684;
841;684;2025;
842;1515;921;
843;921;1158;
844;162;3097;
845;3097;3094;
846;3094;3095;
847;3095;699;
848;729;728;
849;730;735;
850;217;736;
851;736;1561;
852;1561;668;
853;736;3314;
854;3314;3315;
855;3315;737;
856;737;3313;
857;3313;738;
858;742;743;
859;743;574;
860;131;746;
861;746;747;
862;747;1576;
863;1576;748;
864;748;1577;
865;1577;749;
866;749;1578;
867;1578;750;
868;750;1579;
869;1579;751;
870;751;752;
871;752;2494;
872;2494;756;
873;757;758;
874;759;760;
875;752;753;
876;753;757;
877;757;754;
878;754;761;
879;761;762;
880;762;763;
881;763;764;
882;764;765;
883;765;766;
884;766;3266;
885;3266;767;
886;767;3267;
887;3267;768;
888;768;3268;
889;3268;769;
890;769;772;
891;772;770;
892;770;771;
893;772;773;
894;774;1420;
895;1420;1340;
896;1340;775;
897;775;1325;
898;1325;1354;
899;1354;1353;
900;1353;1334;
901;1334;1358;
902;125;777;
903;777;775;
904;777;1618;
905;1618;776;
906;778;779;
907;779;780;
908;780;3265;
909;3265;781;
910;785;396;
911;396;1745;
912;1745;1746;
913;1746;782;
914;397;1744;
915;1744;786;
916;786;3537;
917;3537;1742;
918;1742;3536;
919;669;793;
920;793;3606;
921;3606;792;
922;792;791;
923;791;790;
924;790;789;
925;789;788;
926;788;787;
927;487;1820;
928;1820;813;
929;813;814;
930;814;815;
931;815;816;
932;816;1181;
933;1181;1182;
934;1182;1183;
935;1183;1185;
936;1185;2746;
937;2746;1184;
938;2897;817;
939;817;818;
940;821;822;
941;822;823;
942;823;824;
943;823;825;
944;822;826;
945;827;1249;
946;1249;828;
947;837;1279;
948;1279;844;
949;844;841;
950;843;842;
951;835;2993;
952;2993;836;
953;844;845;
954;845;3689;
955;3689;839;
956;883;3327;
957;3327;840;
958;840;3690;
959;3690;839;
960;839;1321;
961;1321;838;
962;1516;1517;
963;853;3157;
964;3157;854;
965;854;855;
966;855;856;
967;856;852;
968;852;857;
969;857;858;
970;858;859;
971;859;860;
972;884;885;
973;885;3328;
974;3328;886;
975;886;3329;
976;3329;887;
977;887;888;
978;888;889;
979;889;882;
980;717;861;
981;861;860;
982;860;862;
983;862;863;
984;863;3156;
985;3156;895;
986;895;896;
987;896;897;
988;897;898;
989;898;899;
990;899;900;
991;900;901;
992;901;902;
993;902;3006;
994;3006;2593;
995;2593;3155;
996;3155;903;
997;903;904;
998;904;3153;
999;3153;3154;
1000;3154;905;
1001;1907;923;
1002;923;1161;
1003;1161;924;
1004;924;928;
1005;928;925;
1006;925;926;
1007;926;927;
1008;927;928;
1009;705;3033;
1010;880;2708;
1011;2708;932;
1012;932;3001;
1013;3001;889;
1014;933;3330;
1015;3330;934;
1016;934;935;
1017;935;936;
1018;936;932;
1019;687;1741;
1020;686;3010;
1021;3010;1520;
1022;1520;3009;
1023;946;1513;
1024;948;3200;
1025;3200;947;
1026;947;949;
1027;949;951;
1028;951;3046;
1029;3046;952;
1030;952;703;
1031;953;2980;
1032;2980;2981;
1033;2981;623;
1034;957;2982;
1035;2982;958;
1036;959;1258;
1037;1258;1268;
1038;1268;960;
1039;960;1269;
1040;1269;1262;
1041;1262;207;
1042;960;961;
1043;961;3657;
1044;3657;3656;
1045;3656;962;
1046;962;3655;
1047;3655;3654;
1048;3654;3653;
1049;3653;963;
1050;963;3652;
1051;3652;3651;
1052;3651;3650;
1053;3650;964;
1054;964;3648;
1055;3648;3649;
1056;3649;965;
1057;965;3658;
1058;3658;3664;
1059;3664;3659;
1060;3659;3660;
1061;3660;966;
1062;966;3661;
1063;3661;3662;
1064;3662;3663;
1065;3663;967;
1066;967;3665;
1067;3665;3667;
1068;3667;3666;
1069;3666;968;
1070;968;969;
1071;161;978;
1072;978;1148;
1073;1148;979;
1074;979;977;
1075;974;980;
1076;980;1125;
1077;1125;1117;
1078;1117;981;
1079;981;982;
1080;486;1379;
1081;1379;982;
1082;982;971;
1083;983;984;
1084;985;984;
1085;984;1380;
1086;1380;976;
1087;980;3424;
1088;3424;975;
1089;986;987;
1090;987;372;
1091;174;1629;
1092;1629;127;
1093;127;988;
1094;988;989;
1095;989;175;
1096;992;995;
1097;995;991;
1098;417;993;
1099;993;1228;
1100;1228;994;
1101;994;1227;
1102;834;1240;
1103;1240;1294;
1104;1294;992;
1105;997;998;
1106;998;3603;
1107;3603;999;
1108;999;1000;
1109;1000;1001;
1110;728;1888;
1111;1888;1002;
1112;1002;1889;
1113;1889;1481;
1114;735;1003;
1115;1003;2222;
1116;2222;1004;
1117;800;2761;
1118;2761;801;
1119;801;3308;
1120;3308;802;
1121;802;3408;
1122;3408;3417;
1123;3417;803;
1124;803;3418;
1125;3418;804;
1126;804;805;
1127;805;2228;
1128;2228;806;
1129;806;807;
1130;386;3403;
1131;3403;1011;
1132;635;636;
1133;636;637;
1134;637;2537;
1135;2537;3637;
1136;3637;3638;
1137;3638;386;
1138;1012;1010;
1139;1010;388;
1140;390;1009;
1141;1009;387;
1142;387;388;
1143;614;470;
1144;470;391;
1145;391;2782;
1146;1008;1319;
1147;1319;3622;
1148;3622;3621;
1149;3621;1127;
1150;1127;3623;
1151;3623;3624;
1152;3624;2536;
1153;2536;3625;
1154;3625;1011;
1155;2917;1126;
1156;1126;2922;
1157;2922;1109;
1158;1109;1116;
1159;1116;2932;
1160;2932;1081;
1161;1081;2934;
1162;2934;2923;
1163;2923;1013;
1164;1013;2924;
1165;2924;2925;
1166;2925;1078;
1167;1078;2933;
1168;2933;1075;
1169;1075;1091;
1170;1091;1129;
1171;1014;581;
1172;1021;1020;
1173;213;1433;
1174;1433;587;
1175;587;181;
1176;580;1014;
1177;581;1021;
1178;1021;582;
1179;582;583;
1180;583;584;
1181;590;591;
1182;1032;1026;
1183;1026;1028;
1184;1028;1033;
1185;1033;1029;
1186;1029;1027;
1187;1027;1031;
1188;1040;159;
1189;159;160;
1190;1070;1065;
1191;1065;1071;
1192;1071;3492;
1193;3492;1068;
1194;1068;1069;
1195;1069;1066;
1196;1066;1067;
1197;1067;1033;
1198;2917;2719;
1199;2719;1305;
1200;1305;2723;
1201;2723;1103;
1202;1103;2777;
1203;2777;1369;
1204;1369;2907;
1205;2907;618;
1206;1766;2145;
1207;2145;2945;
1208;2945;2144;
1209;2144;2143;
1210;2143;644;
1211;644;643;
1212;643;642;
1213;642;2946;
1214;2946;641;
1215;641;2937;
1216;2937;640;
1217;640;471;
1218;471;639;
1219;639;635;
1220;635;638;
1221;638;2951;
1222;1102;1097;
1223;1097;1138;
1224;1138;1118;
1225;1118;1088;
1226;1088;1076;
1227;1076;1095;
1228;1095;2834;
1229;2834;480;
1230;608;627;
1231;627;628;
1232;628;629;
1233;629;2912;
1234;2912;630;
1235;630;2952;
1236;2952;2951;
1237;1113;1111;
1238;1111;1084;
1239;1084;973;
1240;973;1093;
1241;1093;1073;
1242;1073;1120;
1243;1120;1814;
1244;1814;1113;
1245;1113;1093;
1246;1125;1093;
1247;981;3423;
1248;3423;610;
1249;610;661;
1250;543;1085;
1251;1073;1117;
1252;1079;1140;
1253;1140;1080;
1254;1080;1083;
1255;1083;1135;
1256;1135;1074;
1257;1074;1136;
1258;1136;1385;
1259;1385;1390;
1260;1103;1089;
1261;1089;1134;
1262;1134;1115;
1263;1115;1121;
1264;1121;1098;
1265;1098;1108;
1266;1108;1137;
1267;1137;1417;
1268;1417;1419;
1269;1419;1418;
1270;1418;1416;
1271;1416;626;
1272;1131;1128;
1273;1087;1102;
1274;1102;1104;
1275;1104;1077;
1276;1077;1082;
1277;1082;1099;
1278;1099;1122;
1279;1122;1094;
1280;1094;1079;
1281;1079;1124;
1282;1124;1110;
1283;1110;1132;
1284;1132;1119;
1285;1119;2832;
1286;2832;521;
1287;575;676;
1288;676;3065;
1289;428;1146;
1290;1146;1144;
1291;1158;2879;
1292;699;3096;
1293;3096;3093;
1294;3093;3092;
1295;3092;1151;
1296;1151;700;
1297;700;2871;
1298;2871;1155;
1299;1155;2868;
1300;2868;701;
1301;701;3048;
1302;3048;702;
1303;702;946;
1304;946;703;
1305;703;3053;
1306;3053;704;
1307;704;3045;
1308;3045;1164;
1309;1164;3043;
1310;3043;1055;
1311;1055;3044;
1312;3044;1054;
1313;1054;1056;
1314;1056;2014;
1315;1158;3161;
1316;3161;3163;
1317;3163;3162;
1318;3162;1159;
1319;1159;706;
1320;1158;2872;
1321;2872;699;
1322;1178;3355;
1323;3355;3164;
1324;3164;3166;
1325;3166;3165;
1326;3165;3169;
1327;3169;1175;
1328;1175;3167;
1329;3167;3168;
1330;3168;1177;
1331;1177;3105;
1332;3105;1171;
1333;1171;3106;
1334;3106;1179;
1335;1179;1173;
1336;1173;1958;
1337;1170;1180;
1338;1180;3116;
1339;3116;3117;
1340;3117;1176;
1341;1176;1174;
1342;1174;3119;
1343;3119;3118;
1344;3118;3120;
1345;3120;1172;
1346;2847;3307;
1347;3307;380;
1348;1189;2990;
1349;837;2991;
1350;2991;1278;
1351;743;744;
1352;744;745;
1353;1207;1202;
1354;1202;1220;
1355;1220;1225;
1356;1225;1208;
1357;1208;1216;
1358;1216;1203;
1359;1203;1207;
1360;1207;1215;
1361;1215;1223;
1362;1223;1204;
1363;1204;1986;
1364;1986;1989;
1365;1201;1224;
1366;1224;1990;
1367;1990;1219;
1368;1219;1206;
1369;1206;1221;
1370;1214;2010;
1371;2010;2004;
1372;2004;1998;
1373;1987;1981;
1374;1981;1217;
1375;1217;1213;
1376;1213;1210;
1377;1210;1211;
1378;1211;1209;
1379;1209;1222;
1380;1222;1218;
1381;1218;1212;
1382;1212;1205;
1383;1205;1213;
1384;1246;1241;
1385;1241;991;
1386;991;990;
1387;990;1246;
1388;991;1877;
1389;1877;212;
1390;197;198;
1391;198;199;
1392;199;835;
1393;835;2994;
1394;2994;1312;
1395;1312;1046;
1396;992;1239;
1397;1239;1238;
1398;1238;996;
1399;1047;1048;
1400;1048;401;
1401;1256;1254;
1402;1257;1256;
1403;1271;2711;
1404;2711;1311;
1405;1311;157;
1406;842;2972;
1407;2972;1276;
1408;1276;1670;
1409;1670;1274;
1410;1274;1273;
1411;1273;1807;
1412;1807;1763;
1413;1763;2979;
1414;2979;3681;
1415;3681;195;
1416;345;1251;
1417;1251;2901;
1418;2901;1252;
1419;1252;1253;
1420;1253;2902;
1421;2902;1255;
1422;1255;2903;
1423;2903;1256;
1424;157;1272;
1425;1272;3668;
1426;3668;3669;
1427;3669;1270;
1428;1270;1266;
1429;1266;3678;
1430;3678;3677;
1431;3677;1265;
1432;1265;158;
1433;836;1277;
1434;1277;1751;
1435;1751;2992;
1436;2992;837;
1437;121;596;
1438;596;776;
1439;776;774;
1440;774;3452;
1441;3452;1730;
1442;1730;214;
1443;214;1568;
1444;1568;1569;
1445;1569;215;
1446;181;121;
1447;399;1285;
1448;1285;1290;
1449;1290;1287;
1450;1287;624;
1451;1367;1288;
1452;1288;1289;
1453;2773;1291;
1454;1291;1292;
1455;1296;1295;
1456;1295;1882;
1457;1882;1297;
1458;1297;1881;
1459;1881;1298;
1460;1298;1880;
1461;1880;1293;
1462;1293;1294;
1463;1305;1304;
1464;1304;1303;
1465;1303;1299;
1466;1299;1301;
1467;1301;1306;
1468;1306;1302;
1469;1302;1300;
1470;1315;1316;
1471;1316;1317;
1472;1317;1318;
1473;1322;3598;
1474;1334;1361;
1475;1361;1350;
1476;1328;1736;
1477;1736;1738;
1478;1738;1331;
1479;1331;1325;
1480;1348;1735;
1481;1735;1346;
1482;1346;1342;
1483;1342;1347;
1484;1347;1350;
1485;1350;1737;
1486;1737;1333;
1487;1346;1327;
1488;1327;1356;
1489;1356;1726;
1490;1330;1721;
1491;1721;1343;
1492;1343;1726;
1493;1726;1351;
1494;1351;1338;
1495;1338;1359;
1496;1359;1348;
1497;1353;1352;
1498;1352;1342;
1499;1345;1339;
1500;1339;1328;
1501;1328;1324;
1502;1347;1357;
1503;1357;1349;
1504;1349;1343;
1505;1354;1324;
1506;1324;1735;
1507;1337;1323;
1508;1323;1339;
1509;1339;1344;
1510;1344;1341;
1511;533;1358;
1512;1358;1333;
1513;1333;1739;
1514;1363;1362;
1515;1362;1326;
1516;522;1383;
1517;1383;1370;
1518;1370;1371;
1519;1370;1372;
1520;1372;1373;
1521;1373;1374;
1522;1374;1375;
1523;1375;1376;
1524;1376;1373;
1525;1380;1381;
1526;1381;1379;
1527;754;759;
1528;759;755;
1529;755;1585;
1530;1585;2480;
1531;2480;2483;
1532;2483;2484;
1533;1388;1386;
1534;794;1411;
1535;1411;1398;
1536;1398;1399;
1537;1399;1400;
1538;1400;1392;
1539;1392;1413;
1540;1413;3554;
1541;3554;1402;
1542;1402;1404;
1543;1404;1412;
1544;1412;1403;
1545;1403;1405;
1546;1405;1395;
1547;1395;1409;
1548;1409;1407;
1549;1407;1406;
1550;1397;1394;
1551;1394;1408;
1552;1408;1410;
1553;1410;1401;
1554;1401;2835;
1555;2835;2836;
1556;2836;1393;
1557;1393;2837;
1558;2837;1396;
1559;1396;2838;
1560;2838;2839;
1561;2839;2840;
1562;2840;2837;
1563;1414;1001;
1564;1001;1415;
1565;1420;1423;
1566;1423;1421;
1567;1421;3611;
1568;3611;1422;
1569;1422;3614;
1570;3614;3609;
1571;3609;3608;
1572;3608;1424;
1573;1427;1429;
1574;1429;1425;
1575;1425;1434;
1576;1434;591;
1577;591;1433;
1578;1449;1443;
1579;1443;1455;
1580;1455;1457;
1581;1457;1447;
1582;1447;1459;
1583;1459;1454;
1584;1454;1456;
1585;1456;1891;
1586;1891;1451;
1587;1458;1446;
1588;1446;1452;
1589;1452;1449;
1590;1449;1445;
1591;1445;1899;
1592;1899;1444;
1593;1442;1440;
1594;1440;1450;
1595;2535;1437;
1596;1437;1448;
1597;1448;1441;
1598;1441;2255;
1599;2255;1438;
1600;1439;1890;
1601;1890;1453;
1602;1465;1848;
1603;1848;1849;
1604;1849;1464;
1605;1465;1463;
1606;1463;1467;
1607;1467;1462;
1608;1462;1460;
1609;1460;1465;
1610;1468;1469;
1611;1469;1470;
1612;1471;3201;
1613;3201;1472;
1614;1472;2695;
1615;2695;1473;
1616;1473;1470;
1617;1470;1151;
1618;2899;2776;
1619;2776;473;
1620;368;1474;
1621;1475;1477;
1622;1477;1478;
1623;1432;1431;
1624;1480;770;
1625;1481;1486;
1626;1486;1485;
1627;1485;1482;
1628;1482;1483;
1629;1483;1003;
1630;1003;1484;
1631;1484;1481;
1632;1486;1494;
1633;1494;1495;
1634;1495;1493;
1635;1493;1496;
1636;1496;1492;
1637;1492;1491;
1638;1491;1489;
1639;1489;1487;
1640;1487;1490;
1641;1490;1488;
1642;1488;1485;
1643;2216;2217;
1644;2217;2218;
1645;2218;1497;
1646;1497;3212;
1647;3212;1498;
1648;3212;2219;
1649;2219;3206;
1650;3206;3205;
1651;1512;1978;
1652;1978;545;
1653;372;135;
1654;135;2027;
1655;1046;2995;
1656;2995;2710;
1657;2710;2996;
1658;2996;346;
1659;346;2985;
1660;2985;1194;
1661;1194;841;
1662;841;2997;
1663;2997;2998;
1664;2998;347;
1665;347;2713;
1666;2713;2987;
1667;2987;348;
1668;348;2999;
1669;2999;883;
1670;883;1320;
1671;1320;1226;
1672;1226;3000;
1673;3000;349;
1674;945;1197;
1675;1197;944;
1676;944;1756;
1677;1756;3011;
1678;3011;686;
1679;686;1199;
1680;1199;943;
1681;943;1200;
1682;1200;942;
1683;942;3060;
1684;3060;938;
1685;938;941;
1686;941;2572;
1687;2572;940;
1688;940;1757;
1689;1757;939;
1690;939;1198;
1691;1198;3008;
1692;3008;1755;
1693;1755;937;
1694;937;1196;
1695;1196;945;
1696;2016;2578;
1697;2578;2014;
1698;2014;681;
1699;681;2573;
1700;2573;679;
1701;679;1518;
1702;1518;2574;
1703;2574;2017;
1704;2017;680;
1705;680;2019;
1706;2019;2866;
1707;2866;2575;
1708;2575;2023;
1709;2023;2576;
1710;2576;2025;
1711;2025;683;
1712;683;2026;
1713;2026;2577;
1714;2577;2024;
1715;2024;2020;
1716;2020;682;
1717;682;685;
1718;685;2016;
1719;1196;1519;
1720;1519;1521;
1721;1521;1516;
1722;688;3038;
1723;3038;3039;
1724;3039;1167;
1725;1167;3040;
1726;3040;689;
1727;689;690;
1728;690;691;
1729;691;692;
1730;692;3084;
1731;3084;693;
1732;693;3080;
1733;3080;3081;
1734;3081;694;
1735;694;695;
1736;695;3082;
1737;3082;696;
1738;696;3083;
1739;3083;697;
1740;697;1275;
1741;977;146;
1742;146;147;
1743;147;148;
1744;148;149;
1745;149;953;
1746;953;959;
1747;1046;1314;
1748;1314;200;
1749;200;201;
1750;201;3075;
1751;3075;3074;
1752;3074;202;
1753;202;2594;
1754;2594;203;
1755;203;204;
1756;204;1275;
1757;1275;205;
1758;205;206;
1759;206;2873;
1760;2873;1674;
1761;1674;207;
1762;207;208;
1763;208;209;
1764;209;920;
1765;920;210;
1766;210;1515;
1767;1515;161;
1768;161;162;
1769;162;1149;
1770;1149;163;
1771;163;79;
1772;79;2084;
1773;2084;2088;
1774;2088;1680;
1775;1680;1613;
1776;1613;164;
1777;461;472;
1778;85;142;
1779;142;143;
1780;143;1641;
1781;1641;1803;
1782;1803;144;
1783;144;663;
1784;663;664;
1785;664;145;
1786;145;977;
1787;2027;136;
1788;136;1511;
1789;1511;137;
1790;137;537;
1791;2141;103;
1792;96;2065;
1793;2065;97;
1794;468;223;
1795;740;3311;
1796;3311;1538;
1797;526;1540;
1798;1540;1541;
1799;1545;1546;
1800;1546;1547;
1801;1547;528;
1802;1541;1542;
1803;1542;1543;
1804;1543;1544;
1805;1544;1545;
1806;1545;1541;
1807;1548;1556;
1808;1556;1549;
1809;1549;1550;
1810;1550;1551;
1811;1551;1552;
1812;1552;1553;
1813;1553;1554;
1814;1554;1555;
1815;1556;1557;
1816;668;1628;
1817;1628;1563;
1818;1563;723;
1819;723;1562;
1820;1562;724;
1821;724;3281;
1822;3281;725;
1823;725;726;
1824;726;1566;
1825;1566;1564;
1826;1564;215;
1827;1581;1582;
1828;1582;1583;
1829;1583;1584;
1830;1584;1576;
1831;1593;252;
1832;3601;307;
1833;307;1322;
1834;1587;257;
1835;257;258;
1836;258;259;
1837;259;260;
1838;260;261;
1839;261;262;
1840;262;2774;
1841;2774;263;
1842;263;264;
1843;264;265;
1844;1431;1436;
1845;1436;1428;
1846;1428;1478;
1847;1616;1426;
1848;1426;585;
1849;585;1017;
1850;1017;586;
1851;586;587;
1852;1614;213;
1853;1615;1435;
1854;1435;1616;
1855;212;406;
1856;406;425;
1857;425;428;
1858;212;1036;
1859;1036;403;
1860;403;1237;
1861;1237;1050;
1862;1618;1740;
1863;1740;1617;
1864;1623;1620;
1865;1622;1620;
1866;1620;1621;
1867;1621;1624;
1868;1624;1619;
1869;215;1567;
1870;1567;216;
1871;216;217;
1872;217;218;
1873;218;3591;
1874;3591;219;
1875;667;2240;
1876;2240;787;
1877;787;1642;
1878;3320;1059;
1879;1059;2854;
1880;2854;467;
1881;467;489;
1882;489;490;
1883;1642;811;
1884;545;537;
1885;546;2021;
1886;2021;1855;
1887;1855;1214;
1888;1194;2986;
1889;2986;3691;
1890;1670;1671;
1891;1671;1672;
1892;1672;1673;
1893;1673;1808;
1894;1677;1681;
1895;1681;1685;
1896;1685;1693;
1897;1693;1694;
1898;1694;1676;
1899;1676;1684;
1900;1691;1689;
1901;1689;1682;
1902;1682;2028;
1903;2028;373;
1904;959;150;
1905;150;151;
1906;1478;1476;
1907;133;1695;
1908;1695;1683;
1909;1683;1692;
1910;1692;1690;
1911;1675;534;
1912;722;2865;
1913;2865;3331;
1914;3331;879;
1915;879;880;
1916;880;3332;
1917;3332;3333;
1918;3333;1703;
1919;1703;3141;
1920;3141;881;
1921;881;3142;
1922;3142;2864;
1923;2864;882;
1924;882;3499;
1925;3499;3160;
1926;1703;3139;
1927;3139;3138;
1928;3138;1704;
1929;1704;3140;
1930;3140;1705;
1931;1705;1707;
1932;1707;1708;
1933;1708;3137;
1934;3137;1706;
1935;1706;3136;
1936;3136;3135;
1937;3135;3134;
1938;3134;1702;
1939;1702;1701;
1940;863;2860;
1941;2860;864;
1942;864;865;
1943;865;866;
1944;866;2859;
1945;2859;867;
1946;867;2880;
1947;2880;2881;
1948;2881;868;
1949;868;922;
1950;922;869;
1951;869;870;
1952;870;871;
1953;871;872;
1954;872;873;
1955;873;1699;
1956;1699;874;
1957;874;693;
1958;204;919;
1959;919;3004;
1960;3004;2603;
1961;2603;918;
1962;918;3005;
1963;3005;905;
1964;1696;1697;
1965;1697;3158;
1966;3158;3087;
1967;3087;1698;
1968;711;848;
1969;848;849;
1970;849;3692;
1971;3692;850;
1972;850;3693;
1973;3693;851;
1974;851;852;
1975;1722;1726;
1976;1331;1355;
1977;1355;1360;
1978;1735;1332;
1979;1332;1336;
1980;1336;1351;
1981;1717;1722;
1982;1722;1727;
1983;1727;1731;
1984;1731;1733;
1985;1733;1734;
1986;1734;1732;
1987;1732;1729;
1988;1729;1720;
1989;1730;1728;
1990;1728;1725;
1991;1725;1724;
1992;1724;1723;
1993;1723;1719;
1994;1719;3305;
1995;3305;1424;
1996;1424;3304;
1997;3304;1718;
1998;1718;3617;
1999;3617;3616;
2000;3616;3300;
2001;3300;1716;
2002;1716;3303;
2003;3303;3620;
2004;3620;1715;
2005;1715;3269;
2006;3269;1717;
2007;1717;1721;
2008;1348;1341;
2009;1341;1335;
2010;1335;1345;
2011;1345;1326;
2012;1326;1337;
2013;1337;1360;
2014;1360;1340;
2015;539;1835;
2016;1835;563;
2017;563;1840;
2018;1840;2147;
2019;2147;1893;
2020;1893;540;
2021;540;545;
2022;1747;783;
2023;783;782;
2024;782;784;
2025;1747;1748;
2026;1748;2768;
2027;2768;1750;
2028;397;1749;
2029;1743;1744;
2030;2023;1752;
2031;1752;2579;
2032;2579;3182;
2033;3182;1753;
2034;1753;3340;
2035;3340;3058;
2036;3058;1754;
2037;1754;1755;
2038;199;1758;
2039;1758;1759;
2040;1759;2978;
2041;2978;1760;
2042;1760;2977;
2043;2977;1761;
2044;1761;1762;
2045;1762;3682;
2046;3682;1763;
2047;35;1792;
2048;1792;33;
2049;33;1795;
2050;1795;1648;
2051;1648;1798;
2052;1798;1665;
2053;1665;31;
2054;31;1667;
2055;1667;28;
2056;6;1786;
2057;1786;1781;
2058;1781;117;
2059;117;5;
2060;5;1776;
2061;1776;118;
2062;118;4;
2063;4;1772;
2064;1772;1774;
2065;1774;1777;
2066;1777;119;
2067;119;1643;
2068;1643;1783;
2069;1783;2051;
2070;2051;1785;
2071;1785;1789;
2072;1789;120;
2073;120;2052;
2074;2052;1793;
2075;1793;1794;
2076;1794;1648;
2077;114;1780;
2078;1780;15;
2079;15;16;
2080;16;1773;
2081;1773;115;
2082;115;1770;
2083;1770;1644;
2084;1644;1768;
2085;1768;1767;
2086;1767;1769;
2087;1769;17;
2088;17;1771;
2089;1771;116;
2090;116;1775;
2091;1775;18;
2092;18;1778;
2093;1778;1779;
2094;1779;457;
2095;457;1788;
2096;1788;19;
2097;1803;1804;
2098;1804;1805;
2099;1805;162;
2100;1805;1149;
2101;1150;3090;
2102;3090;3089;
2103;3089;1149;
2104;699;1150;
2105;688;3041;
2106;3041;2012;
2107;883;2029;
2108;2029;2989;
2109;2989;2988;
2110;2988;2715;
2111;2715;2714;
2112;2714;2706;
2113;2706;2696;
2114;2696;1189;
2115;1189;2586;
2116;2586;711;
2117;711;3104;
2118;3104;1713;
2119;1713;3354;
2120;3354;712;
2121;712;3353;
2122;3353;713;
2123;713;2855;
2124;2855;714;
2125;714;3352;
2126;3352;715;
2127;715;1053;
2128;1053;3350;
2129;3350;3351;
2130;3351;2856;
2131;2856;3348;
2132;3348;3347;
2133;3347;3349;
2134;3349;716;
2135;716;3346;
2136;3346;717;
2137;717;718;
2138;718;2681;
2139;2681;719;
2140;719;3345;
2141;3345;720;
2142;720;2857;
2143;2857;721;
2144;721;875;
2145;875;3028;
2146;3028;3344;
2147;3344;876;
2148;876;3343;
2149;3343;877;
2150;877;2858;
2151;2858;878;
2152;878;691;
2153;691;705;
2154;705;1162;
2155;1162;706;
2156;706;707;
2157;707;3030;
2158;3030;708;
2159;708;709;
2160;709;710;
2161;710;3029;
2162;3029;920;
2163;837;1280;
2164;1808;1809;
2165;2225;2005;
2166;2005;1851;
2167;1851;2003;
2168;2003;1512;
2169;1810;1858;
2170;1858;1861;
2171;1861;1860;
2172;1860;1857;
2173;1857;1856;
2174;1856;1854;
2175;1854;1852;
2176;1852;1849;
2177;1849;1811;
2178;1811;1847;
2179;1847;1845;
2180;1845;1844;
2181;1844;1842;
2182;1842;1841;
2183;1841;1837;
2184;1837;1834;
2185;1834;1833;
2186;1833;1832;
2187;1832;1831;
2188;1831;1830;
2189;361;364;
2190;364;360;
2191;360;359;
2192;359;358;
2193;358;357;
2194;357;367;
2195;367;356;
2196;356;1143;
2197;1143;363;
2198;363;1846;
2199;1846;366;
2200;351;350;
2201;1850;1852;
2202;1830;1812;
2203;1853;1810;
2204;353;351;
2205;1812;1818;
2206;1818;1817;
2207;365;354;
2208;354;352;
2209;352;353;
2210;1817;1816;
2211;1816;1815;
2212;1815;1813;
2213;1835;1836;
2214;1836;1838;
2215;1840;1839;
2216;1839;1838;
2217;1862;168;
2218;570;1862;
2219;573;1866;
2220;1866;1865;
2221;1865;1864;
2222;1864;1863;
2223;524;1826;
2224;1826;1827;
2225;1827;3228;
2226;3228;1823;
2227;1823;1825;
2228;813;1821;
2229;1821;1822;
2230;1822;1824;
2231;1824;1384;
2232;1384;1828;
2233;1828;1829;
2234;211;1246;
2235;1887;3683;
2236;3683;2886;
2237;2886;1885;
2238;1885;2738;
2239;2738;211;
2240;211;1883;
2241;1883;1884;
2242;1884;1886;
2243;1886;2545;
2244;2545;2887;
2245;2887;3684;
2246;3684;1887;
2247;827;1886;
2248;1883;827;
2249;1877;2543;
2250;2543;1876;
2251;1876;1875;
2252;1234;1871;
2253;1871;1872;
2254;1244;1878;
2255;1878;1879;
2256;1879;1243;
2257;1872;1874;
2258;1874;1873;
2259;1873;1870;
2260;1870;1869;
2261;1869;1868;
2262;1868;1872;
2263;151;152;
2264;152;3647;
2265;3647;153;
2266;153;3646;
2267;3646;154;
2268;154;3645;
2269;3645;155;
2270;155;622;
2271;622;3644;
2272;3644;1309;
2273;1309;2709;
2274;2709;156;
2275;156;1313;
2276;1313;157;
2277;157;158;
2278;158;3679;
2279;3679;1263;
2280;1263;337;
2281;195;196;
2282;196;3680;
2283;3680;1044;
2284;1987;1984;
2285;1984;1985;
2286;1985;1989;
2287;1989;1992;
2288;1992;1996;
2289;1996;1998;
2290;1998;1999;
2291;1999;1997;
2292;1997;1201;
2293;1201;1991;
2294;1991;1987;
2295;1996;2007;
2296;2007;2013;
2297;180;181;
2298;2011;121;
2299;1907;3031;
2300;3031;708;
2301;709;3032;
2302;3032;1907;
2303;679;2012;
2304;2012;3189;
2305;3189;3188;
2306;3188;3184;
2307;3184;3186;
2308;3186;3185;
2309;3185;3187;
2310;3187;2017;
2311;1954;1951;
2312;1951;1950;
2313;1950;1953;
2314;1953;3109;
2315;3109;3110;
2316;3110;3111;
2317;3111;3112;
2318;3112;3113;
2319;3113;3114;
2320;3114;3115;
2321;3115;1170;
2322;1170;1956;
2323;1956;3107;
2324;3107;3108;
2325;3108;1958;
2326;1958;1959;
2327;1959;1957;
2328;1957;1955;
2329;1955;1954;
2330;1978;1967;
2331;1967;1965;
2332;1965;1931;
2333;1931;1914;
2334;1914;1909;
2335;1909;1908;
2336;1908;1906;
2337;1906;1905;
2338;1905;1895;
2339;1895;1894;
2340;1894;1892;
2341;1988;1982;
2342;1971;1976;
2343;1938;1932;
2344;1931;1936;
2345;2000;2003;
2346;1930;1924;
2347;1924;1916;
2348;2015;2009;
2349;2009;2005;
2350;1894;1904;
2351;1904;1905;
2352;1983;1979;
2353;1979;1975;
2354;2021;2022;
2355;2022;2018;
2356;1973;1972;
2357;1972;1965;
2358;1920;1929;
2359;1929;1939;
2360;1967;1974;
2361;1974;1973;
2362;1973;1977;
2363;1976;1977;
2364;1977;1993;
2365;1993;2000;
2366;1971;1969;
2367;1969;1964;
2368;1964;1963;
2369;2000;1995;
2370;1995;1980;
2371;1980;1976;
2372;1964;1966;
2373;1966;1983;
2374;1983;1988;
2375;1988;2001;
2376;1962;1963;
2377;1963;1968;
2378;1968;1970;
2379;1970;1971;
2380;1928;1934;
2381;1934;1946;
2382;1946;1960;
2383;1960;1962;
2384;1962;1961;
2385;1961;1947;
2386;1947;1933;
2387;1933;1927;
2388;2004;2006;
2389;2006;2008;
2390;2008;2002;
2391;2002;1994;
2392;1994;1990;
2393;1904;1910;
2394;1910;1913;
2395;1913;1920;
2396;1920;1922;
2397;1922;1906;
2398;1936;1941;
2399;1941;1949;
2400;1949;1948;
2401;1948;1944;
2402;1944;1935;
2403;1935;1936;
2404;1914;1916;
2405;1916;1917;
2406;1917;1911;
2407;1911;1912;
2408;1912;1915;
2409;1893;1896;
2410;1896;1897;
2411;1897;1898;
2412;1898;1901;
2413;1901;1902;
2414;1902;1903;
2415;1923;1926;
2416;1926;1928;
2417;1928;1927;
2418;1927;1925;
2419;1925;1921;
2420;1921;1918;
2421;1918;1919;
2422;1919;1923;
2423;1966;1952;
2424;1952;1945;
2425;1945;1942;
2426;1942;1938;
2427;1938;1937;
2428;1937;1940;
2429;1940;1943;
2430;1943;1964;
2431;91;2054;
2432;2054;2055;
2433;2056;92;
2434;22;1801;
2435;1801;1799;
2436;1799;1796;
2437;1796;6;
2438;20;2040;
2439;2040;21;
2440;21;2047;
2441;2047;91;
2442;2067;110;
2443;2119;2116;
2444;2116;107;
2445;110;2066;
2446;2066;111;
2447;2142;104;
2448;109;2070;
2449;2070;2067;
2450;107;108;
2451;108;2081;
2452;2081;109;
2453;97;2068;
2454;2068;2069;
2455;2069;98;
2456;102;2135;
2457;2135;2138;
2458;2138;2141;
2459;2128;101;
2460;101;456;
2461;456;102;
2462;104;2139;
2463;2139;2136;
2464;2136;105;
2465;105;2132;
2466;2132;106;
2467;106;2131;
2468;2131;2127;
2469;2127;2122;
2470;2122;2119;
2471;111;2064;
2472;2064;2062;
2473;2062;112;
2474;112;2058;
2475;2058;94;
2476;94;2057;
2477;2057;2056;
2478;98;2095;
2479;2095;99;
2480;99;2106;
2481;2106;2115;
2482;2115;2118;
2483;2118;100;
2484;100;2125;
2485;2125;2128;
2486;74;1688;
2487;1688;2130;
2488;2130;2129;
2489;2129;75;
2490;75;2126;
2491;2126;76;
2492;76;2124;
2493;2124;2123;
2494;2123;1686;
2495;1686;2121;
2496;2121;77;
2497;77;78;
2498;475;3604;
2499;3604;2146;
2500;1539;2148;
2501;2148;2149;
2502;2149;2150;
2503;2150;2151;
2504;2151;2152;
2505;2152;2153;
2506;2153;2154;
2507;2154;2155;
2508;2165;2181;
2509;2181;2180;
2510;2180;2166;
2511;2166;2157;
2512;2157;2160;
2513;2160;2159;
2514;2159;2161;
2515;2161;2163;
2516;2163;2175;
2517;2175;2167;
2518;2175;2170;
2519;2170;2172;
2520;2172;2179;
2521;2179;2178;
2522;2178;2197;
2523;2197;2196;
2524;2196;2193;
2525;2193;2192;
2526;2192;2191;
2527;2191;2190;
2528;2190;2171;
2529;2171;2189;
2530;2189;2194;
2531;2194;2195;
2532;2195;2168;
2533;2164;2169;
2534;2169;2176;
2535;2176;2174;
2536;2174;2177;
2537;2177;2173;
2538;2173;2168;
2539;2171;2188;
2540;2188;2187;
2541;2187;2186;
2542;2186;2185;
2543;2185;2184;
2544;2184;2182;
2545;2182;2183;
2546;2198;2205;
2547;2205;2206;
2548;2206;2175;
2549;2199;2200;
2550;2200;2201;
2551;2201;2202;
2552;2202;2203;
2553;2203;2204;
2554;1808;2207;
2555;2207;1806;
2556;1806;1807;
2557;2224;2222;
2558;2222;2221;
2559;2223;1004;
2560;1004;2220;
2561;2214;3214;
2562;3214;2215;
2563;2213;2212;
2564;2212;2210;
2565;2210;2208;
2566;2208;2209;
2567;2209;2211;
2568;1214;2013;
2569;2013;2225;
2570;121;122;
2571;122;123;
2572;123;124;
2573;124;125;
2574;125;778;
2575;778;1430;
2576;1430;1687;
2577;1687;1634;
2578;1634;126;
2579;126;127;
2580;127;1630;
2581;1630;128;
2582;128;129;
2583;129;130;
2584;130;131;
2585;131;132;
2586;132;133;
2587;133;2493;
2588;2493;373;
2589;373;134;
2590;134;372;
2591;165;78;
2592;78;166;
2593;166;534;
2594;534;2643;
2595;2643;2640;
2596;2640;535;
2597;535;536;
2598;536;167;
2599;167;1030;
2600;1030;1032;
2601;1032;1031;
2602;1031;1025;
2603;1025;599;
2604;599;1522;
2605;1522;2227;
2606;2227;570;
2607;570;168;
2608;168;986;
2609;986;1691;
2610;1691;370;
2611;370;1690;
2612;1690;3231;
2613;3231;3239;
2614;3239;169;
2615;169;1677;
2616;1677;170;
2617;170;1684;
2618;1684;171;
2619;171;172;
2620;172;173;
2621;173;2226;
2622;2226;174;
2623;174;175;
2624;175;1635;
2625;1635;1479;
2626;1479;1475;
2627;1475;1476;
2628;1476;176;
2629;176;177;
2630;177;589;
2631;589;178;
2632;178;179;
2633;179;180;
2634;2895;197;
2635;197;1037;
2636;1037;1264;
2637;1264;1038;
2638;1038;2890;
2639;2890;337;
2640;337;2891;
2641;2891;1039;
2642;1039;1261;
2643;1261;1260;
2644;1260;1259;
2645;1259;2892;
2646;2892;340;
2647;340;2893;
2648;2893;1040;
2649;1040;1041;
2650;1041;1042;
2651;1042;1043;
2652;1043;2894;
2653;2894;1044;
2654;1044;1267;
2655;1267;2895;
2656;2850;1186;
2657;2509;2230;
2658;2230;2231;
2659;2231;2849;
2660;2849;2851;
2661;2851;2852;
2662;2852;809;
2663;2291;2293;
2664;2293;2300;
2665;2300;2302;
2666;2302;2283;
2667;2283;2279;
2668;2279;2252;
2669;2252;2250;
2670;2250;2247;
2671;2247;2244;
2672;2383;2410;
2673;2410;2417;
2674;2417;2419;
2675;2419;2420;
2676;2420;2418;
2677;2418;2416;
2678;2416;2414;
2679;2414;2411;
2680;2411;2406;
2681;2406;2404;
2682;2404;2403;
2683;2403;2377;
2684;2403;2390;
2685;2327;2337;
2686;2406;2415;
2687;2331;2329;
2688;2263;2268;
2689;2372;2370;
2690;2429;2430;
2691;2377;2388;
2692;2308;2292;
2693;2340;2339;
2694;2494;1580;
2695;2432;2427;
2696;2382;2378;
2697;2485;2489;
2698;2429;2428;
2699;2289;2307;
2700;2243;2251;
2701;2414;2448;
2702;2309;2311;
2703;2252;2254;
2704;2335;2341;
2705;2168;2241;
2706;2272;2265;
2707;2316;2296;
2708;768;2401;
2709;2162;2164;
2710;2298;2320;
2711;2318;2333;
2712;2353;2365;
2713;2294;2313;
2714;2268;2274;
2715;2453;2452;
2716;2410;2407;
2717;2301;2314;
2718;2326;2324;
2719;2246;2258;
2720;2278;2293;
2721;2268;2275;
2722;2386;2389;
2723;2346;2359;
2724;2359;2393;
2725;2393;2400;
2726;2400;2429;
2727;2429;2440;
2728;2440;2444;
2729;2444;2456;
2730;2456;2461;
2731;2461;2468;
2732;2468;2472;
2733;2472;2471;
2734;2471;2467;
2735;2467;2458;
2736;2458;2454;
2737;2454;2438;
2738;2438;2428;
2739;2428;2402;
2740;2402;2399;
2741;2399;2364;
2742;2364;2349;
2743;2425;2437;
2744;2437;2450;
2745;2448;2443;
2746;2443;2411;
2747;2312;2328;
2748;2328;2336;
2749;2434;2432;
2750;2432;2424;
2751;2377;2369;
2752;2369;2365;
2753;1467;2368;
2754;2368;2345;
2755;2450;2451;
2756;2451;2437;
2757;2303;2301;
2758;2301;2299;
2759;2448;2449;
2760;2449;2459;
2761;2248;2249;
2762;2249;2250;
2763;2244;2245;
2764;2245;2253;
2765;2265;2262;
2766;2262;2258;
2767;2164;2158;
2768;2158;2165;
2769;2280;2276;
2770;2276;2273;
2771;2244;2243;
2772;2243;2242;
2773;2258;2257;
2774;2257;564;
2775;2344;2334;
2776;2334;2322;
2777;2426;2413;
2778;2413;2412;
2779;2394;2331;
2780;2331;2288;
2781;2288;2290;
2782;2314;2306;
2783;2306;2297;
2784;2297;2299;
2785;2383;2381;
2786;2381;2376;
2787;2376;2374;
2788;2290;2295;
2789;2295;2339;
2790;2339;2372;
2791;2372;2396;
2792;2396;2395;
2793;2395;2394;
2794;2304;2312;
2795;2312;2322;
2796;2322;2327;
2797;2265;2266;
2798;2266;2259;
2799;2259;564;
2800;2355;2367;
2801;2367;2356;
2802;2356;2347;
2803;2290;2329;
2804;2329;2340;
2805;2340;2395;
2806;2314;2317;
2807;2317;2321;
2808;2321;2325;
2809;2260;2264;
2810;2264;2271;
2811;2271;2270;
2812;2459;2431;
2813;2431;2425;
2814;2425;2430;
2815;2365;2362;
2816;2362;2360;
2817;2360;2354;
2818;2479;2481;
2819;2481;2485;
2820;2485;2482;
2821;2374;2375;
2822;2375;2379;
2823;2379;2383;
2824;2478;2479;
2825;2479;2482;
2826;2482;2459;
2827;2325;2319;
2828;2319;2304;
2829;2304;2303;
2830;2364;2361;
2831;2361;2358;
2832;2358;2359;
2833;2260;2261;
2834;2261;2269;
2835;2269;2270;
2836;2321;2315;
2837;2315;2310;
2838;2310;2317;
2839;2231;2229;
2840;2229;2232;
2841;2232;2233;
2842;2354;2363;
2843;2363;2366;
2844;2366;2365;
2845;2270;2272;
2846;2272;2277;
2847;2277;2275;
2848;2401;2398;
2849;2398;2387;
2850;2387;2385;
2851;2385;2380;
2852;2434;2435;
2853;2435;2452;
2854;2452;2470;
2855;2470;2474;
2856;2282;2287;
2857;2287;2311;
2858;2311;2352;
2859;2352;2353;
2860;2412;2423;
2861;2423;2426;
2862;2426;2433;
2863;2433;1462;
2864;2380;2384;
2865;2384;2391;
2866;2391;2397;
2867;2397;2401;
2868;2424;2422;
2869;2422;2389;
2870;2389;2373;
2871;2373;2365;
2872;2282;2285;
2873;2285;2309;
2874;2309;2351;
2875;2351;2353;
2876;2474;2473;
2877;2473;2453;
2878;2453;2436;
2879;2436;2434;
2880;2462;2455;
2881;2455;2465;
2882;2465;2464;
2883;2464;2457;
2884;2374;2343;
2885;2343;2334;
2886;2334;2328;
2887;2328;2319;
2888;2345;2357;
2889;2357;2392;
2890;2392;2405;
2891;2405;2409;
2892;2409;2412;
2893;2275;2284;
2894;2284;2274;
2895;2274;2267;
2896;2267;2256;
2897;2256;2263;
2898;2380;2370;
2899;2370;2342;
2900;2342;2338;
2901;2338;2332;
2902;2332;2325;
2903;2365;2371;
2904;2371;2382;
2905;2382;2386;
2906;2386;2421;
2907;2421;2424;
2908;2416;2441;
2909;2441;2445;
2910;2445;2447;
2911;2447;2446;
2912;2446;2418;
2913;2286;2305;
2914;2305;2324;
2915;2324;2335;
2916;2335;2347;
2917;2347;2355;
2918;2355;2369;
2919;2493;2492;
2920;2492;2488;
2921;2488;2487;
2922;2487;2486;
2923;2486;2489;
2924;2489;2491;
2925;2430;2439;
2926;2439;2442;
2927;2442;2460;
2928;2460;2466;
2929;2466;2475;
2930;2475;752;
2931;2239;2237;
2932;2237;2235;
2933;2235;2497;
2934;2497;2498;
2935;2498;2499;
2936;2499;2500;
2937;2500;2501;
2938;2501;2502;
2939;2502;2503;
2940;2503;2504;
2941;2504;2505;
2942;2505;2233;
2943;2233;2495;
2944;2495;2496;
2945;2496;807;
2946;807;2234;
2947;2234;2236;
2948;2236;2238;
2949;2238;2239;
2950;2449;2462;
2951;2462;2463;
2952;2463;2478;
2953;2478;2490;
2954;2490;2477;
2955;2477;2476;
2956;2476;2474;
2957;2327;2343;
2958;2343;2346;
2959;2346;2349;
2960;2349;2348;
2961;2348;2344;
2962;2344;2336;
2963;2336;2330;
2964;2330;2325;
2965;2282;2280;
2966;2280;2281;
2967;2281;2286;
2968;2286;2289;
2969;2289;2292;
2970;2292;2294;
2971;2294;2296;
2972;2296;2299;
2973;2305;2307;
2974;2307;2308;
2975;2308;2313;
2976;2313;2316;
2977;2316;2318;
2978;2318;2320;
2979;2320;2323;
2980;2323;2303;
2981;810;3416;
2982;3416;2846;
2983;2846;2506;
2984;2507;1642;
2985;2508;2521;
2986;2521;2847;
2987;2845;2519;
2988;2519;2520;
2989;2520;2506;
2990;2506;2509;
2991;2509;2848;
2992;2848;2510;
2993;2510;2511;
2994;2511;2853;
2995;2853;1186;
2996;1186;2507;
2997;2507;2518;
2998;2518;2512;
2999;2512;811;
3000;811;2513;
3001;2513;2514;
3002;2514;2515;
3003;2515;2508;
3004;2508;2516;
3005;2516;2517;
3006;2517;2845;
3007;808;374;
3008;374;2850;
3009;506;1005;
3010;1005;808;
3011;1443;2524;
3012;2524;2531;
3013;2531;2530;
3014;2530;2525;
3015;2525;2532;
3016;2532;2526;
3017;2526;2527;
3018;2527;2528;
3019;2528;2533;
3020;2533;2529;
3021;2533;2534;
3022;401;443;
3023;832;833;
3024;833;1034;
3025;1034;1035;
3026;1035;834;
3027;834;996;
3028;996;1036;
3029;385;3633;
3030;3633;3634;
3031;3634;3631;
3032;3631;3635;
3033;3635;3632;
3034;3632;2538;
3035;2538;3626;
3036;3626;3627;
3037;3627;3628;
3038;3628;3630;
3039;3630;3629;
3040;3629;3636;
3041;3636;2539;
3042;2542;646;
3043;2545;2546;
3044;2546;2551;
3045;2551;2554;
3046;2560;2562;
3047;2562;2561;
3048;2561;1308;
3049;1308;2560;
3050;2560;1307;
3051;2556;2555;
3052;2555;2550;
3053;2550;2553;
3054;2553;2558;
3055;2558;2559;
3056;2554;2552;
3057;2552;2549;
3058;2549;2548;
3059;2548;2547;
3060;2547;2544;
3061;2564;2567;
3062;2567;2566;
3063;2566;2563;
3064;2563;2565;
3065;2565;2568;
3066;2568;2566;
3067;2579;2580;
3068;2580;3103;
3069;3103;3101;
3070;3101;3098;
3071;3098;3171;
3072;3145;2587;
3073;2587;2588;
3074;2588;3152;
3075;3152;2589;
3076;2589;2590;
3077;2590;3511;
3078;3511;3514;
3079;3514;2591;
3080;2591;3510;
3081;3510;3512;
3082;3512;3513;
3083;3513;2592;
3084;2592;3342;
3085;3342;2593;
3086;2594;2595;
3087;2595;2596;
3088;2596;2600;
3089;2600;2597;
3090;2597;2598;
3091;2598;2599;
3092;2600;2601;
3093;2601;2602;
3094;857;2604;
3095;2604;2605;
3096;678;2606;
3097;2606;2607;
3098;2607;2702;
3099;2702;3130;
3100;3130;2608;
3101;2608;3129;
3102;3129;2609;
3103;2609;3128;
3104;3128;3127;
3105;3127;2610;
3106;2610;3126;
3107;3126;2611;
3108;2611;2612;
3109;2612;3124;
3110;3124;2613;
3111;2613;2614;
3112;2614;2615;
3113;2615;3125;
3114;3125;2616;
3115;2616;2617;
3116;2618;2619;
3117;2619;3131;
3118;3131;3132;
3119;3132;2620;
3120;2620;2621;
3121;2621;3133;
3122;3133;2622;
3123;2623;2624;
3124;2624;2625;
3125;2625;2626;
3126;2626;2627;
3127;2627;2628;
3128;2628;2629;
3129;2629;2630;
3130;2630;2631;
3131;2631;2632;
3132;2632;2633;
3133;2633;2634;
3134;2634;601;
3135;2629;2635;
3136;2635;2636;
3137;2636;2637;
3138;2637;2638;
3139;2640;2641;
3140;2641;2642;
3141;2642;2659;
3142;2659;2643;
3143;2642;2644;
3144;2644;2645;
3145;2645;2646;
3146;2646;2647;
3147;2647;2655;
3148;2655;2648;
3149;2648;2649;
3150;2649;2662;
3151;2662;2663;
3152;2663;2650;
3153;2650;2651;
3154;2651;2652;
3155;2652;2653;
3156;2653;2650;
3157;2653;2654;
3158;2654;2648;
3159;2655;2656;
3160;2656;2657;
3161;2657;2654;
3162;2641;2658;
3163;2659;2660;
3164;2660;2661;
3165;3197;2664;
3166;2664;3190;
3167;3190;2665;
3168;2665;3192;
3169;3192;3196;
3170;3196;3191;
3171;3191;2666;
3172;2666;3195;
3173;3195;2667;
3174;2667;3193;
3175;3193;3194;
3176;3194;2668;
3177;2668;2669;
3178;2669;2670;
3179;2670;3170;
3180;3170;2671;
3181;2671;2672;
3182;2672;3056;
3183;3056;2673;
3184;2673;2674;
3185;2674;2675;
3186;2675;3055;
3187;3055;2676;
3188;2676;2677;
3189;2681;2682;
3190;2682;2683;
3191;2683;2684;
3192;2583;3176;
3193;3176;3177;
3194;3177;2685;
3195;2685;3178;
3196;3178;3179;
3197;3179;2686;
3198;2686;2687;
3199;2687;2688;
3200;2688;2689;
3201;2689;2690;
3202;2690;2691;
3203;2691;2684;
3204;1696;2692;
3205;2692;2693;
3206;2693;2694;
3207;2694;2695;
3208;2696;2700;
3209;2700;2698;
3210;2698;2697;
3211;2698;2699;
3212;2700;2701;
3213;2706;2707;
3214;665;2718;
3215;2719;2720;
3216;2720;2721;
3217;2721;2722;
3218;2723;2724;
3219;2724;2725;
3220;2725;2726;
3221;2726;2727;
3222;2727;2731;
3223;2731;2728;
3224;2721;2729;
3225;2729;2730;
3226;2730;2731;
3227;2731;2732;
3228;2732;2733;
3229;2734;2735;
3230;2735;2736;
3231;2736;2737;
3232;2744;3258;
3233;3258;2745;
3234;2744;2740;
3235;2740;2741;
3236;2741;2742;
3237;2742;2743;
3238;2746;2747;
3239;2747;2748;
3240;2748;2749;
3241;2749;2750;
3242;2750;2751;
3243;2751;2752;
3244;2752;2753;
3245;2753;2754;
3246;2754;2755;
3247;2755;2756;
3248;2756;2757;
3249;2757;2758;
3250;2758;2759;
3251;2759;2760;
3252;2760;2761;
3253;2755;2762;
3254;2762;2763;
3255;2763;2764;
3256;2764;2765;
3257;2765;2766;
3258;2766;2767;
3259;2767;1183;
3260;2768;2769;
3261;2770;2781;
3262;2781;2771;
3263;2771;2772;
3264;2561;2779;
3265;2779;2971;
3266;2971;2780;
3267;2782;2804;
3268;2804;2805;
3269;2805;2810;
3270;2810;2783;
3271;2784;2785;
3272;2800;2801;
3273;2801;2802;
3274;2802;2803;
3275;2803;2785;
3276;2785;2786;
3277;2786;2787;
3278;2787;2788;
3279;2788;2789;
3280;2789;2795;
3281;2795;2796;
3282;2796;2797;
3283;2797;2798;
3284;2798;2799;
3285;2799;2790;
3286;2790;2791;
3287;2791;2792;
3288;2792;2793;
3289;2793;2794;
3290;2794;2800;
3291;2799;2804;
3292;2805;2806;
3293;2806;2807;
3294;2807;2787;
3295;2808;2809;
3296;2809;2810;
3297;498;2811;
3298;2811;2812;
3299;2812;2813;
3300;2812;2819;
3301;2819;2814;
3302;2815;2814;
3303;2814;2816;
3304;2816;2817;
3305;2816;2818;
3306;2819;2820;
3307;2821;2829;
3308;2829;2822;
3309;2822;2823;
3310;2823;2824;
3311;2824;2825;
3312;2825;2826;
3313;2826;2827;
3314;2827;658;
3315;2830;2833;
3316;2833;2831;
3317;2832;2833;
3318;2833;2834;
3319;793;3605;
3320;3605;2841;
3321;792;2844;
3322;2844;2841;
3323;2841;2842;
3324;2842;2843;
3325;2845;2847;
3326;2850;2510;
3327;740;741;
3328;741;731;
3329;469;3319;
3330;3319;468;
3331;2854;489;
3332;380;381;
3333;253;254;
3334;254;255;
3335;512;511;
3336;511;510;
3337;510;509;
3338;509;508;
3339;508;507;
3340;1513;947;
3341;2014;1169;
3342;1169;1168;
3343;1168;3042;
3344;3042;1166;
3345;1166;1165;
3346;1165;3121;
3347;3121;1172;
3348;1172;1163;
3349;1163;3052;
3350;3052;952;
3351;952;1513;
3352;1513;3051;
3353;3051;1157;
3354;1157;3047;
3355;3047;3050;
3356;3050;1156;
3357;1156;2869;
3358;2869;1154;
3359;1154;2870;
3360;2870;1153;
3361;1153;1152;
3362;1152;3049;
3363;3049;3088;
3364;3088;3091;
3365;3091;1150;
3366;1575;1514;
3367;1514;221;
3368;221;223;
3369;846;847;
3370;847;1714;
3371;1714;3007;
3372;3007;711;
3373;1741;3059;
3374;3059;938;
3375;2866;3183;
3376;3183;2867;
3377;2873;2874;
3378;2874;2875;
3379;2875;2876;
3380;208;2877;
3381;2877;2878;
3382;2879;1160;
3383;1160;1698;
3384;1698;930;
3385;930;698;
3386;698;3036;
3387;3036;3035;
3388;3035;3037;
3389;3037;688;
3390;459;2882;
3391;2882;460;
3392;2885;2884;
3393;2884;459;
3394;819;818;
3395;2897;2898;
3396;2899;2900;
3397;1129;1133;
3398;1133;1130;
3399;1130;2914;
3400;2914;1139;
3401;1139;1090;
3402;1090;2915;
3403;2915;2916;
3404;2916;2917;
3405;1139;2918;
3406;2918;2919;
3407;2919;2920;
3408;2920;2921;
3409;2921;2922;
3410;1116;2926;
3411;2926;2927;
3412;2927;2928;
3413;2928;2929;
3414;2929;2930;
3415;2930;2931;
3416;2931;1091;
3417;634;1365;
3418;1365;635;
3419;2937;2938;
3420;2938;2939;
3421;2939;2940;
3422;2940;2941;
3423;2941;2942;
3424;2942;2943;
3425;2943;2944;
3426;2947;2948;
3427;1011;390;
3428;2951;1300;
3429;1300;631;
3430;631;632;
3431;632;3450;
3432;3450;1107;
3433;1107;1114;
3434;1114;1139;
3435;2953;2954;
3436;2962;2963;
3437;2964;2965;
3438;2965;2966;
3439;2966;625;
3440;956;2967;
3441;2967;2968;
3442;2968;2969;
3443;2969;2970;
3444;1051;423;
3445;1051;444;
3446;444;402;
3447;402;1050;
3448;1050;405;
3449;927;3012;
3450;3012;3013;
3451;3013;3014;
3452;3014;3016;
3453;3016;3015;
3454;3016;3017;
3455;3017;3018;
3456;3018;3019;
3457;3019;3020;
3458;3020;3021;
3459;925;3022;
3460;3022;3023;
3461;3023;3024;
3462;3024;3025;
3463;3025;3026;
3464;3026;3027;
3465;2677;2678;
3466;2678;3054;
3467;3054;2679;
3468;2679;2680;
3469;555;3073;
3470;3075;3076;
3471;3076;3077;
3472;3077;3078;
3473;917;3079;
3474;3084;3085;
3475;3085;3086;
3476;3098;3099;
3477;3099;3100;
3478;3171;3102;
3479;3102;2581;
3480;2581;2585;
3481;2585;3172;
3482;3172;3173;
3483;3173;2582;
3484;2582;3174;
3485;3174;3175;
3486;3175;2583;
3487;2583;2584;
3488;2584;3180;
3489;3033;929;
3490;929;3034;
3491;3034;930;
3492;890;3143;
3493;3143;891;
3494;891;3151;
3495;3151;3144;
3496;3144;3501;
3497;3501;892;
3498;892;893;
3499;893;894;
3500;894;3146;
3501;3146;3003;
3502;3003;1195;
3503;1195;3504;
3504;3504;1192;
3505;1192;3002;
3506;3002;3147;
3507;3147;1193;
3508;1193;3509;
3509;3509;1190;
3510;1190;3150;
3511;3150;3148;
3512;3148;2570;
3513;2570;3149;
3514;3149;348;
3515;951;950;
3516;950;3198;
3517;3198;3199;
3518;1289;1290;
3519;439;437;
3520;437;1012;
3521;1012;1867;
3522;1867;431;
3523;431;432;
3524;432;436;
3525;2216;3207;
3526;3207;3208;
3527;3208;3218;
3528;3218;2215;
3529;3209;3210;
3530;3210;3211;
3531;3213;3217;
3532;3217;3214;
3533;3213;3215;
3534;3215;3216;
3535;2213;3264;
3536;3264;3216;
3537;2213;3220;
3538;3220;3221;
3539;3221;3425;
3540;3425;3222;
3541;3222;3223;
3542;3223;3224;
3543;3224;3225;
3544;3225;3226;
3545;3226;620;
3546;3227;3228;
3547;3228;3229;
3548;3229;2745;
3549;1182;3574;
3550;3574;3230;
3551;3230;3575;
3552;3575;1387;
3553;1387;1386;
3554;1386;1391;
3555;1391;3576;
3556;3576;3577;
3557;3577;1389;
3558;1389;507;
3559;3231;3232;
3560;3232;3233;
3561;3233;3234;
3562;3234;3235;
3563;3235;3236;
3564;3236;3237;
3565;3237;3238;
3566;3238;3247;
3567;3247;3239;
3568;3232;3240;
3569;3240;3241;
3570;3241;3242;
3571;3242;3243;
3572;3243;3244;
3573;3244;3245;
3574;3245;3246;
3575;3246;3247;
3576;2739;3248;
3577;3248;3249;
3578;3249;3250;
3579;3250;3251;
3580;3251;3252;
3581;2744;2739;
3582;2739;3253;
3583;3253;3254;
3584;3254;3255;
3585;3255;3256;
3586;3256;3257;
3587;3257;3578;
3588;3259;3260;
3589;3260;2739;
3590;3261;3326;
3591;3326;3262;
3592;3262;3263;
3593;3270;3271;
3594;3272;3273;
3595;3273;3278;
3596;3278;3275;
3597;3275;3274;
3598;3275;3276;
3599;3276;3277;
3600;3277;3278;
3601;3281;3282;
3602;3282;3283;
3603;3283;3284;
3604;3284;3285;
3605;3285;3280;
3606;3280;3287;
3607;3287;3279;
3608;3279;1562;
3609;3283;3286;
3610;3286;3287;
3611;3269;3288;
3612;3288;3289;
3613;3289;3290;
3614;3290;3291;
3615;3291;3292;
3616;3292;3289;
3617;1424;3293;
3618;3293;3297;
3619;3297;3294;
3620;3294;3295;
3621;3295;3296;
3622;3296;3297;
3623;3296;3298;
3624;3298;3299;
3625;3299;3290;
3626;3300;3301;
3627;3301;3302;
3628;3302;3303;
3629;2843;3306;
3630;3306;3307;
3631;738;739;
3632;739;740;
3633;739;3312;
3634;3312;3313;
3635;3319;490;
3636;490;468;
3637;532;3322;
3638;3322;3323;
3639;3323;3324;
3640;3355;3356;
3641;2718;3358;
3642;3358;3359;
3643;3359;3360;
3644;3360;3361;
3645;3361;3362;
3646;3362;3363;
3647;3363;3364;
3648;2728;3365;
3649;3365;3366;
3650;3366;3367;
3651;3367;3368;
3652;3368;3364;
3653;2721;3369;
3654;3369;3370;
3655;3370;3371;
3656;3371;3372;
3657;3372;3373;
3658;3374;3375;
3659;3375;3376;
3660;3376;3377;
3661;3377;3378;
3662;3378;3379;
3663;3379;3380;
3664;3380;3381;
3665;3382;3384;
3666;3384;3385;
3667;3385;3386;
3668;3386;3387;
3669;3387;3388;
3670;3388;3389;
3671;3389;3390;
3672;3390;3391;
3673;3382;3383;
3674;3393;3394;
3675;3393;3395;
3676;3395;3396;
3677;3396;3397;
3678;3397;3398;
3679;3398;3399;
3680;3399;3400;
3681;3400;3401;
3682;3401;3402;
3683;3404;3405;
3684;3405;3406;
3685;3406;3415;
3686;3415;3407;
3687;3407;3408;
3688;3416;3409;
3689;3409;3410;
3690;3410;3411;
3691;3411;3412;
3692;3412;3413;
3693;3413;3414;
3694;3417;3414;
3695;3414;3415;
3696;3419;3420;
3697;1084;543;
3698;1085;1111;
3699;3423;3424;
3700;1505;565;
3701;565;569;
3702;569;568;
3703;568;2214;
3704;2214;619;
3705;619;727;
3706;727;2213;
3707;2213;2211;
3708;2211;620;
3709;2219;1507;
3710;1507;1509;
3711;1509;1508;
3712;1508;1501;
3713;1501;1506;
3714;1506;1499;
3715;1499;1510;
3716;1510;3219;
3717;3219;1504;
3718;1504;1500;
3719;1500;1502;
3720;1502;1503;
3721;1503;1505;
3722;3425;3426;
3723;3426;3427;
3724;3427;3428;
3725;3428;3429;
3726;3429;3430;
3727;3430;3431;
3728;3431;3432;
3729;3432;3433;
3730;3433;3434;
3731;3434;3435;
3732;3435;3436;
3733;658;659;
3734;659;660;
3735;660;496;
3736;496;497;
3737;497;498;
3738;498;499;
3739;499;3392;
3740;3392;3394;
3741;3394;500;
3742;500;1548;
3743;1548;501;
3744;501;3383;
3745;3383;502;
3746;502;503;
3747;503;612;
3748;612;504;
3749;504;477;
3750;732;3441;
3751;3441;3442;
3752;3442;3443;
3753;3443;3444;
3754;3444;3445;
3755;3445;3446;
3756;3446;3447;
3757;3447;3448;
3758;3448;3449;
3759;3449;3450;
3760;405;1237;
3761;1318;831;
3762;831;1315;
3763;1315;830;
3764;830;829;
3765;829;1045;
3766;1045;1900;
3767;1900;340;
3768;3452;3453;
3769;3453;3454;
3770;3454;3455;
3771;3455;3456;
3772;3456;3457;
3773;3458;3459;
3774;3459;3460;
3775;3460;3461;
3776;3461;3462;
3777;3462;3463;
3778;3463;3464;
3779;3464;3465;
3780;3465;3466;
3781;3466;3470;
3782;3470;3453;
3783;3467;3468;
3784;3468;3469;
3785;3469;3470;
3786;3471;3472;
3787;3472;3473;
3788;3473;3474;
3789;3474;3475;
3790;3475;3472;
3791;3475;3476;
3792;3477;3478;
3793;3478;3479;
3794;3479;3480;
3795;985;3481;
3796;3483;3482;
3797;3483;3484;
3798;3484;3485;
3799;3485;3486;
3800;3486;3487;
3801;3487;3488;
3802;3488;3483;
3803;537;1675;
3804;1675;138;
3805;138;1640;
3806;1640;139;
3807;139;140;
3808;140;189;
3809;1033;3489;
3810;3489;3490;
3811;3490;3491;
3812;3491;3492;
3813;3493;3160;
3814;3160;3494;
3815;3494;3495;
3816;3495;890;
3817;890;3496;
3818;3496;3497;
3819;3497;3145;
3820;3145;3498;
3821;3498;3493;
3822;3160;3500;
3823;3500;890;
3824;3500;3145;
3825;3501;3503;
3826;3503;3502;
3827;3504;3505;
3828;3505;3506;
3829;3506;3507;
3830;3507;3508;
3831;3508;3509;
3832;454;1248;
3833;1248;1286;
3834;1286;344;
3835;344;345;
3836;786;3515;
3837;3515;3516;
3838;3516;3517;
3839;3517;3518;
3840;3518;3519;
3841;3519;3520;
3842;3520;3521;
3843;3521;3522;
3844;3522;3529;
3845;3529;3523;
3846;3523;3524;
3847;3524;3525;
3848;3525;3526;
3849;3526;3527;
3850;3527;3528;
3851;3528;785;
3852;3529;3530;
3853;3540;3538;
3854;3538;3531;
3855;3531;3532;
3856;3532;3533;
3857;3533;3534;
3858;3534;3539;
3859;3539;3535;
3860;3535;3516;
3861;3541;3542;
3862;3542;3543;
3863;3543;3544;
3864;3544;3545;
3865;3545;3546;
3866;3546;3547;
3867;3547;3548;
3868;3548;3552;
3869;3552;3549;
3870;3549;3550;
3871;3550;3551;
3872;3551;3553;
3873;3553;3547;
3874;3552;3553;
3875;813;3555;
3876;3555;3556;
3877;3556;3557;
3878;3557;3558;
3879;3558;3559;
3880;3559;3560;
3881;3560;3561;
3882;3561;3562;
3883;3562;3563;
3884;3563;3564;
3885;3564;3565;
3886;3565;3566;
3887;3566;3567;
3888;3567;3568;
3889;3568;3569;
3890;3569;3570;
3891;3570;3571;
3892;3562;3572;
3893;3572;3573;
3894;3581;40;
3895;40;38;
3896;38;36;
3897;36;3580;
3898;3580;1782;
3899;39;1657;
3900;37;1649;
3901;1649;39;
3902;34;3579;
3903;32;34;
3904;3579;1659;
3905;1659;1668;
3906;1668;37;
3907;23;1662;
3908;1662;25;
3909;25;27;
3910;27;29;
3911;29;2053;
3912;2053;2034;
3913;2034;1650;
3914;1650;30;
3915;30;2033;
3916;2033;1647;
3917;1647;32;
3918;28;1663;
3919;1663;3602;
3920;3602;26;
3921;26;24;
3922;1782;35;
3923;267;1646;
3924;1646;3581;
3925;235;56;
3926;56;1664;
3927;1664;54;
3928;2156;1651;
3929;1651;50;
3930;50;48;
3931;48;46;
3932;46;44;
3933;44;42;
3934;42;267;
3935;58;3584;
3936;3584;1599;
3937;1599;235;
3938;55;1602;
3939;243;3582;
3940;3582;51;
3941;51;1596;
3942;1596;53;
3943;53;3583;
3944;3583;55;
3945;1602;3585;
3946;3585;57;
3947;1602;227;
3948;3600;488;
3949;488;1058;
3950;1058;307;
3951;245;246;
3952;246;247;
3953;247;243;
3954;240;241;
3955;241;3596;
3956;3596;242;
3957;1588;256;
3958;272;304;
3959;304;305;
3960;305;306;
3961;306;1057;
3962;279;288;
3963;288;289;
3964;289;290;
3965;290;291;
3966;321;1537;
3967;1537;1536;
3968;1536;1530;
3969;1530;287;
3970;1057;320;
3971;320;1526;
3972;1526;321;
3973;3598;3599;
3974;3599;1057;
3975;242;3600;
3976;265;1654;
3977;1654;266;
3978;266;1655;
3979;1655;267;
3980;2030;23;
3981;3620;3619;
3982;3619;3618;
3983;3618;3607;
3984;3607;1720;
3985;1720;3612;
3986;3612;3613;
3987;3613;3608;
3988;3609;3610;
3989;3610;3615;
3990;2539;385;
3991;385;386;
3992;1271;2712;
3993;2712;1310;
3994;1310;156;
3995;3670;3671;
3996;3671;3672;
3997;3672;3673;
3998;3673;3674;
3999;3674;3675;
4000;3675;3676;
4001;3676;1270;
4002;345;2557;
4003;2557;958;
4004;958;3670;
4005;3670;1271;
4006;3691;1191;
4007;905;917;
4008;917;916;
4009;916;2591;
4010;2591;915;
4011;915;914;
4012;914;913;
4013;913;2863;
4014;2863;1700;
4015;1700;912;
4016;912;911;
4017;911;2862;
4018;2862;910;
4019;910;2861;
4020;2861;909;
4021;909;908;
4022;908;1701;
4023;1701;907;
4024;907;906;
4025;906;931;
4026;931;858;
4027;1712;3335;
4028;3335;3334;
4029;3334;3336;
4030;3336;1711;
4031;1711;3337;
4032;3337;1710;
4033;1710;3338;
4034;3338;3339;
4035;3339;1709;
4036;1709;880;
