1;36;1096;
2;1096;1093;
3;1093;1090;
4;1090;1089;
5;1089;8;
6;39;1058;
7;1058;95;
8;95;1054;
9;1054;1052;
10;1052;1049;
11;1049;7;
12;7;1045;
13;1045;96;
14;96;1041;
15;1041;6;
16;6;1039;
17;1039;97;
18;97;1042;
19;1042;5;
20;5;1046;
21;1046;1047;
22;1047;98;
23;98;1053;
24;1053;1055;
25;1055;4;
26;4;1056;
27;1056;1057;
28;1057;99;
29;99;1059;
30;1059;3;
31;3;100;
32;100;1063;
33;1063;1064;
34;1064;1065;
35;1065;2;
36;2;101;
37;101;1;
38;1;1069;
39;1069;1068;
40;1068;1067;
41;1067;102;
42;19;1050;
43;1050;1048;
44;1048;20;
45;20;1043;
46;1043;106;
47;106;1038;
48;1038;1036;
49;1036;107;
50;107;1034;
51;1034;21;
52;21;1032;
53;1032;104;
54;104;1030;
55;1030;22;
56;22;1027;
57;1027;105;
58;105;1028;
59;1028;1029;
60;1029;23;
61;23;1031;
62;1031;103;
63;103;1033;
64;1033;24;
65;24;1035;
66;1035;30;
67;782;780;
68;780;14;
69;14;15;
70;15;781;
71;781;1060;
72;1060;1061;
73;1061;16;
74;16;1066;
75;1066;1070;
76;1070;1073;
77;1073;17;
78;17;1076;
79;1076;18;
80;18;34;
81;141;143;
82;143;142;
83;142;208;
84;208;752;
85;137;861;
86;861;863;
87;863;140;
88;140;501;
89;501;134;
90;134;499;
91;499;872;
92;872;127;
93;127;139;
94;126;133;
95;146;1430;
96;1430;1388;
97;1388;1369;
98;1369;658;
99;658;1315;
100;1315;1311;
101;1311;145;
102;145;636;
103;636;1234;
104;1234;660;
105;660;1221;
106;1221;219;
107;219;150;
108;150;149;
109;149;856;
110;856;1161;
111;1161;1160;
112;1160;1129;
113;1129;173;
114;172;417;
115;417;399;
116;399;1963;
117;1963;400;
118;400;401;
119;401;402;
120;402;405;
121;405;403;
122;403;404;
123;404;415;
124;415;152;
125;1656;155;
126;155;1657;
127;1657;157;
128;157;1651;
129;1651;156;
130;156;282;
131;282;1497;
132;121;734;
133;734;158;
134;158;159;
135;159;1937;
136;1937;160;
137;160;1934;
138;1934;739;
139;739;161;
140;161;1932;
141;1932;1933;
142;1933;162;
143;162;251;
144;251;163;
145;163;828;
146;828;252;
147;252;740;
148;124;164;
149;164;167;
150;167;670;
151;670;669;
152;669;168;
153;168;165;
154;165;672;
155;672;166;
156;166;671;
157;671;824;
158;74;75;
159;102;66;
160;66;19;
161;153;1831;
162;1831;154;
163;154;1830;
164;1830;335;
165;335;614;
166;614;1961;
167;1961;151;
168;188;606;
169;606;605;
170;605;189;
171;189;1748;
172;1748;190;
173;190;191;
174;191;192;
175;192;174;
176;414;1483;
177;1483;758;
178;758;521;
179;521;179;
180;174;180;
181;180;484;
182;484;496;
183;496;181;
184;181;485;
185;485;474;
186;474;1883;
187;1883;182;
188;182;1884;
189;1884;183;
190;183;184;
191;184;185;
192;185;1773;
193;1773;186;
194;186;478;
195;478;187;
196;171;193;
197;193;1865;
198;1865;1970;
199;1970;194;
200;194;195;
201;195;187;
202;187;196;
203;196;202;
204;202;280;
205;280;1782;
206;1782;203;
207;173;757;
208;757;522;
209;522;179;
210;52;765;
211;765;763;
212;763;1445;
213;1445;385;
214;385;764;
215;764;375;
216;375;197;
217;197;822;
218;822;567;
219;567;1203;
220;1203;568;
221;568;1124;
222;1124;1792;
223;1792;727;
224;727;728;
225;728;313;
226;201;199;
227;63;771;
228;771;770;
229;770;769;
230;769;427;
231;427;426;
232;426;205;
233;146;207;
234;199;772;
235;772;209;
236;209;1565;
237;1565;231;
238;199;211;
239;211;212;
240;212;448;
241;448;472;
242;472;213;
243;213;214;
244;214;215;
245;215;462;
246;851;647;
247;647;645;
248;645;652;
249;652;759;
250;759;638;
251;638;632;
252;632;1484;
253;1484;655;
254;655;859;
255;859;860;
256;860;219;
257;875;244;
258;244;227;
259;227;876;
260;876;229;
261;229;228;
262;878;230;
263;230;264;
264;231;232;
265;232;462;
266;550;1563;
267;1563;1564;
268;1564;1679;
269;1679;549;
270;549;233;
271;233;1678;
272;1678;231;
273;1674;319;
274;319;234;
275;234;464;
276;464;466;
277;466;235;
278;235;462;
279;1674;1681;
280;1681;210;
281;240;239;
282;239;238;
283;245;246;
284;246;247;
285;247;500;
286;500;248;
287;248;249;
288;253;1567;
289;1567;1566;
290;1566;254;
291;254;255;
292;255;256;
293;256;257;
294;257;258;
295;258;259;
296;259;260;
297;260;261;
298;261;1938;
299;1938;262;
300;262;1941;
301;1941;1940;
302;1940;263;
303;263;551;
304;551;1939;
305;1939;740;
306;462;445;
307;445;444;
308;444;216;
309;216;228;
310;228;245;
311;245;217;
312;217;265;
313;225;349;
314;349;144;
315;144;784;
316;266;462;
317;278;268;
318;268;1714;
319;1714;1660;
320;1660;269;
321;269;1661;
322;1661;270;
323;270;1662;
324;1662;271;
325;271;1663;
326;1663;1664;
327;1664;272;
328;272;273;
329;273;1838;
330;1838;1665;
331;1665;1666;
332;1666;277;
333;277;1668;
334;1668;1667;
335;1667;274;
336;274;1669;
337;1669;275;
338;275;1670;
339;1670;1512;
340;1512;326;
341;326;458;
342;458;1839;
343;1839;1672;
344;1672;1671;
345;1671;1673;
346;1673;276;
347;1008;279;
348;279;512;
349;512;1498;
350;1498;267;
351;203;333;
352;333;1784;
353;1784;690;
354;690;283;
355;283;284;
356;284;481;
357;481;285;
358;285;334;
359;334;446;
360;280;1725;
361;1725;482;
362;482;491;
363;491;222;
364;222;1732;
365;1732;488;
366;488;1724;
367;1724;221;
368;221;697;
369;336;337;
370;337;295;
371;295;338;
372;338;296;
373;296;602;
374;602;299;
375;288;305;
376;305;306;
377;306;1900;
378;1900;1899;
379;1899;307;
380;307;1898;
381;1898;308;
382;308;1897;
383;1897;309;
384;309;310;
385;1011;1015;
386;1015;25;
387;25;1016;
388;1016;27;
389;27;1017;
390;1017;1019;
391;1019;28;
392;314;1793;
393;1793;729;
394;729;313;
395;153;315;
396;315;1881;
397;1881;316;
398;316;708;
399;708;317;
400;317;318;
401;318;314;
402;315;154;
403;235;1676;
404;1676;1677;
405;1677;320;
406;320;321;
407;321;1675;
408;1675;465;
409;465;319;
410;322;1701;
411;1701;1700;
412;1700;323;
413;323;324;
414;324;1680;
415;1680;463;
416;463;460;
417;460;1515;
418;1515;461;
419;461;1513;
420;1513;1514;
421;333;332;
422;334;339;
423;123;340;
424;340;730;
425;730;314;
426;340;1835;
427;1835;1836;
428;1836;341;
429;341;1834;
430;1834;342;
431;346;347;
432;347;230;
433;56;350;
434;350;351;
435;351;741;
436;741;352;
437;352;742;
438;742;353;
439;353;743;
440;743;354;
441;354;744;
442;744;355;
443;355;356;
444;356;1455;
445;1455;360;
446;361;362;
447;363;364;
448;356;357;
449;357;361;
450;361;358;
451;358;365;
452;365;366;
453;366;367;
454;367;368;
455;368;369;
456;369;370;
457;370;1787;
458;1787;371;
459;371;1788;
460;1788;372;
461;372;1789;
462;1789;373;
463;373;376;
464;376;374;
465;374;375;
466;376;377;
467;378;615;
468;615;578;
469;578;379;
470;379;563;
471;563;592;
472;592;591;
473;591;572;
474;572;596;
475;50;381;
476;381;379;
477;381;756;
478;756;380;
479;382;383;
480;383;384;
481;384;1786;
482;1786;385;
483;390;164;
484;164;825;
485;825;826;
486;826;386;
487;315;398;
488;398;1973;
489;1973;397;
490;397;396;
491;396;395;
492;395;394;
493;394;393;
494;393;392;
495;172;833;
496;833;418;
497;418;419;
498;419;420;
499;420;421;
500;421;515;
501;515;516;
502;516;517;
503;517;519;
504;519;1591;
505;1591;518;
506;422;423;
507;423;424;
508;424;425;
509;424;426;
510;423;427;
511;430;1723;
512;1723;429;
513;429;431;
514;431;433;
515;433;1659;
516;1659;434;
517;434;325;
518;436;437;
519;437;146;
520;84;761;
521;761;52;
522;52;438;
523;438;439;
524;439;85;
525;332;880;
526;880;440;
527;440;881;
528;881;673;
529;339;441;
530;441;1183;
531;1183;442;
532;405;1606;
533;1606;406;
534;406;1829;
535;1829;407;
536;407;1870;
537;1870;1879;
538;1879;408;
539;408;1880;
540;1880;409;
541;409;410;
542;410;1189;
543;1189;411;
544;411;412;
545;1633;492;
546;492;1638;
547;1638;487;
548;487;490;
549;490;1648;
550;1648;477;
551;477;1650;
552;1650;1639;
553;1639;446;
554;446;1640;
555;1640;1641;
556;1641;476;
557;476;1649;
558;1649;475;
559;475;480;
560;480;494;
561;119;627;
562;627;238;
563;238;91;
564;241;242;
565;242;243;
566;456;450;
567;450;452;
568;452;457;
569;457;453;
570;453;451;
571;451;455;
572;472;467;
573;467;473;
574;473;1945;
575;1945;470;
576;470;471;
577;471;468;
578;468;469;
579;469;457;
580;1633;1569;
581;1569;558;
582;558;1573;
583;1573;483;
584;483;1613;
585;1613;604;
586;604;1628;
587;1628;286;
588;1109;1653;
589;1653;1108;
590;1108;1107;
591;1107;304;
592;304;303;
593;303;302;
594;302;1654;
595;1654;301;
596;301;1652;
597;1652;300;
598;300;170;
599;170;299;
600;299;297;
601;297;298;
602;298;1655;
603;281;289;
604;289;290;
605;290;291;
606;291;1629;
607;1629;292;
608;292;1656;
609;1656;1655;
610;496;493;
611;231;322;
612;322;1674;
613;512;1840;
614;1840;1715;
615;1715;1717;
616;1717;1716;
617;1716;1720;
618;1720;509;
619;509;1718;
620;1718;1719;
621;1719;511;
622;511;1684;
623;1684;505;
624;505;1685;
625;1685;513;
626;513;507;
627;507;948;
628;504;514;
629;514;1695;
630;1695;1696;
631;1696;510;
632;510;508;
633;508;1698;
634;1698;1697;
635;1697;1699;
636;1699;506;
637;1620;1828;
638;1828;152;
639;347;348;
640;348;349;
641;529;524;
642;524;542;
643;542;547;
644;547;530;
645;530;538;
646;538;525;
647;525;529;
648;529;537;
649;537;545;
650;545;526;
651;526;977;
652;977;980;
653;523;546;
654;546;981;
655;981;541;
656;541;528;
657;528;543;
658;536;1001;
659;1001;995;
660;995;989;
661;978;972;
662;972;539;
663;539;535;
664;535;532;
665;532;533;
666;533;531;
667;531;544;
668;544;540;
669;540;534;
670;534;527;
671;527;535;
672;46;253;
673;253;380;
674;380;378;
675;378;1911;
676;1911;813;
677;813;120;
678;120;737;
679;737;738;
680;738;121;
681;91;46;
682;91;92;
683;92;93;
684;93;94;
685;558;557;
686;557;556;
687;556;552;
688;552;554;
689;554;559;
690;559;555;
691;555;553;
692;572;599;
693;599;588;
694;566;819;
695;819;821;
696;821;569;
697;569;563;
698;586;818;
699;818;584;
700;584;580;
701;580;585;
702;585;588;
703;588;820;
704;820;571;
705;584;565;
706;565;594;
707;594;809;
708;568;804;
709;804;581;
710;581;809;
711;809;589;
712;589;576;
713;576;597;
714;597;586;
715;591;590;
716;590;580;
717;583;577;
718;577;566;
719;566;562;
720;585;595;
721;595;587;
722;587;581;
723;592;562;
724;562;818;
725;575;561;
726;561;577;
727;577;582;
728;582;579;
729;197;596;
730;596;571;
731;571;822;
732;601;600;
733;600;564;
734;358;363;
735;363;359;
736;359;750;
737;750;1441;
738;1441;1444;
739;1444;1445;
740;611;609;
741;615;618;
742;618;616;
743;616;1978;
744;1978;617;
745;617;1981;
746;1981;1976;
747;1976;1975;
748;1975;619;
749;622;624;
750;624;620;
751;620;628;
752;628;243;
753;243;627;
754;643;637;
755;637;649;
756;649;651;
757;651;641;
758;641;653;
759;653;648;
760;648;650;
761;650;883;
762;883;645;
763;652;640;
764;640;646;
765;646;643;
766;643;639;
767;639;891;
768;891;638;
769;636;634;
770;634;644;
771;1496;631;
772;631;642;
773;642;635;
774;635;1216;
775;1216;632;
776;633;882;
777;882;647;
778;659;861;
779;861;862;
780;862;658;
781;659;657;
782;657;661;
783;661;656;
784;656;654;
785;654;659;
786;139;662;
787;663;665;
788;665;666;
789;668;374;
790;673;678;
791;678;677;
792;677;674;
793;674;675;
794;675;441;
795;441;676;
796;676;673;
797;678;686;
798;686;687;
799;687;685;
800;685;688;
801;688;684;
802;684;683;
803;683;681;
804;681;679;
805;679;682;
806;682;680;
807;680;677;
808;1177;1178;
809;1178;1179;
810;1179;689;
811;689;1733;
812;1733;690;
813;1733;1180;
814;1180;1727;
815;1727;1726;
816;704;969;
817;969;206;
818;146;60;
819;60;1009;
820;459;560;
821;560;108;
822;108;109;
823;109;1683;
824;1683;1682;
825;1682;110;
826;110;1499;
827;1499;111;
828;111;112;
829;112;548;
830;548;113;
831;113;114;
832;114;1627;
833;1627;776;
834;776;115;
835;115;116;
836;116;117;
837;117;428;
838;428;118;
839;118;706;
840;706;71;
841;71;72;
842;72;503;
843;503;73;
844;73;13;
845;13;1040;
846;1040;1044;
847;1044;782;
848;782;751;
849;751;74;
850;19;67;
851;67;68;
852;68;774;
853;774;829;
854;829;69;
855;69;311;
856;311;312;
857;312;70;
858;70;435;
859;1009;61;
860;61;703;
861;703;62;
862;62;201;
863;1097;35;
864;35;1100;
865;1100;1101;
866;1101;1102;
867;1102;1103;
868;1103;1104;
869;1104;1105;
870;1105;1106;
871;28;1021;
872;1021;29;
873;344;1832;
874;1832;708;
875;193;710;
876;710;711;
877;715;716;
878;716;717;
879;717;195;
880;711;712;
881;712;713;
882;713;714;
883;714;715;
884;715;711;
885;718;726;
886;726;719;
887;719;720;
888;720;721;
889;721;722;
890;722;723;
891;723;724;
892;724;725;
893;314;760;
894;760;732;
895;732;327;
896;327;731;
897;731;328;
898;328;1802;
899;1802;329;
900;329;330;
901;330;735;
902;735;733;
903;733;121;
904;746;747;
905;747;748;
906;748;749;
907;749;741;
908;626;630;
909;630;623;
910;623;666;
911;754;621;
912;621;236;
913;236;447;
914;447;237;
915;237;238;
916;752;119;
917;753;629;
918;629;754;
919;756;823;
920;823;755;
921;121;736;
922;736;122;
923;122;123;
924;123;124;
925;124;1971;
926;1971;125;
927;313;1201;
928;1201;392;
929;392;775;
930;775;416;
931;206;201;
932;207;1006;
933;1006;868;
934;868;536;
935;779;783;
936;783;787;
937;787;795;
938;795;796;
939;796;778;
940;778;786;
941;793;791;
942;791;784;
943;784;1010;
944;1010;147;
945;666;664;
946;58;797;
947;797;785;
948;785;794;
949;794;792;
950;795;607;
951;777;198;
952;805;809;
953;569;593;
954;593;598;
955;818;570;
956;570;574;
957;574;589;
958;800;805;
959;805;810;
960;810;814;
961;814;816;
962;816;817;
963;817;815;
964;815;812;
965;812;803;
966;813;811;
967;811;808;
968;808;807;
969;807;806;
970;806;802;
971;802;1826;
972;1826;619;
973;619;1825;
974;1825;801;
975;801;1984;
976;1984;1983;
977;1983;1821;
978;1821;799;
979;799;1824;
980;1824;1987;
981;1987;798;
982;798;1790;
983;1790;800;
984;800;804;
985;586;579;
986;579;573;
987;573;583;
988;583;564;
989;564;575;
990;575;598;
991;598;578;
992;203;848;
993;848;218;
994;218;853;
995;853;1110;
996;1110;885;
997;885;204;
998;204;206;
999;387;827;
1000;827;388;
1001;388;386;
1002;386;389;
1003;1186;996;
1004;996;864;
1005;864;994;
1006;994;704;
1007;830;871;
1008;871;874;
1009;874;873;
1010;873;870;
1011;870;869;
1012;869;867;
1013;867;865;
1014;865;862;
1015;862;831;
1016;831;860;
1017;860;858;
1018;858;857;
1019;857;855;
1020;855;854;
1021;854;850;
1022;850;847;
1023;847;846;
1024;846;845;
1025;845;844;
1026;844;843;
1027;133;136;
1028;136;132;
1029;132;131;
1030;131;130;
1031;130;129;
1032;129;138;
1033;138;128;
1034;128;502;
1035;502;135;
1036;135;859;
1037;859;137;
1038;863;865;
1039;843;832;
1040;866;830;
1041;848;849;
1042;849;851;
1043;853;852;
1044;852;851;
1045;875;78;
1046;226;875;
1047;229;879;
1048;879;878;
1049;878;877;
1050;877;876;
1051;191;839;
1052;839;840;
1053;840;1749;
1054;1749;836;
1055;836;838;
1056;418;834;
1057;834;835;
1058;835;837;
1059;837;608;
1060;608;841;
1061;841;842;
1062;978;975;
1063;975;976;
1064;976;980;
1065;980;983;
1066;983;987;
1067;987;989;
1068;989;990;
1069;990;988;
1070;988;523;
1071;523;982;
1072;982;978;
1073;987;998;
1074;998;1003;
1075;90;91;
1076;1002;46;
1077;956;768;
1078;768;45;
1079;45;250;
1080;250;1002;
1081;944;941;
1082;941;940;
1083;940;943;
1084;943;1688;
1085;1688;1689;
1086;1689;1690;
1087;1690;1691;
1088;1691;1692;
1089;1692;1693;
1090;1693;1694;
1091;1694;504;
1092;504;946;
1093;946;1686;
1094;1686;1687;
1095;1687;948;
1096;948;949;
1097;949;947;
1098;947;945;
1099;945;944;
1100;969;958;
1101;958;955;
1102;955;921;
1103;921;904;
1104;904;899;
1105;899;898;
1106;898;897;
1107;897;896;
1108;896;887;
1109;887;886;
1110;886;884;
1111;979;973;
1112;962;967;
1113;928;922;
1114;921;926;
1115;991;994;
1116;920;914;
1117;914;906;
1118;1004;1000;
1119;1000;996;
1120;886;895;
1121;895;896;
1122;974;970;
1123;970;966;
1124;1006;1007;
1125;1007;1005;
1126;964;963;
1127;963;955;
1128;910;919;
1129;919;929;
1130;958;965;
1131;965;964;
1132;964;968;
1133;967;968;
1134;968;984;
1135;984;991;
1136;962;960;
1137;960;954;
1138;954;953;
1139;991;986;
1140;986;971;
1141;971;967;
1142;954;957;
1143;957;974;
1144;974;979;
1145;979;992;
1146;952;953;
1147;953;959;
1148;959;961;
1149;961;962;
1150;918;924;
1151;924;936;
1152;936;950;
1153;950;952;
1154;952;951;
1155;951;937;
1156;937;923;
1157;923;917;
1158;995;997;
1159;997;999;
1160;999;993;
1161;993;985;
1162;985;981;
1163;895;900;
1164;900;903;
1165;903;910;
1166;910;912;
1167;912;897;
1168;926;931;
1169;931;939;
1170;939;938;
1171;938;934;
1172;934;925;
1173;925;926;
1174;904;906;
1175;906;907;
1176;907;901;
1177;901;902;
1178;902;905;
1179;885;888;
1180;888;889;
1181;889;890;
1182;890;892;
1183;892;893;
1184;893;894;
1185;913;916;
1186;916;918;
1187;918;917;
1188;917;915;
1189;915;911;
1190;911;908;
1191;908;909;
1192;909;913;
1193;957;942;
1194;942;935;
1195;935;932;
1196;932;928;
1197;928;927;
1198;927;930;
1199;930;933;
1200;933;954;
1201;1023;42;
1202;1075;1072;
1203;1072;39;
1204;42;1022;
1205;1022;43;
1206;1099;1098;
1207;1098;36;
1208;41;1026;
1209;1026;1023;
1210;39;40;
1211;40;1037;
1212;1037;41;
1213;29;1024;
1214;1024;1025;
1215;1025;30;
1216;34;1091;
1217;1091;1094;
1218;1094;1097;
1219;1084;33;
1220;33;169;
1221;169;34;
1222;36;1095;
1223;1095;1092;
1224;1092;37;
1225;37;1088;
1226;1088;38;
1227;38;1087;
1228;1087;1083;
1229;1083;1078;
1230;1078;1075;
1231;43;1020;
1232;1020;1018;
1233;1018;44;
1234;44;1014;
1235;1014;26;
1236;26;1013;
1237;1013;1012;
1238;30;1051;
1239;1051;31;
1240;31;1062;
1241;1062;1071;
1242;1071;1074;
1243;1074;32;
1244;32;1081;
1245;1081;1084;
1246;8;790;
1247;790;1086;
1248;1086;1085;
1249;1085;9;
1250;9;1082;
1251;1082;10;
1252;10;1080;
1253;1080;1079;
1254;1079;788;
1255;788;1077;
1256;1077;11;
1257;11;12;
1258;709;1111;
1259;1111;1112;
1260;1112;1113;
1261;1113;1114;
1262;1114;1115;
1263;1115;1116;
1264;1116;1117;
1265;1117;1118;
1266;1127;1143;
1267;1143;1142;
1268;1142;1128;
1269;1128;1119;
1270;1119;1122;
1271;1122;1121;
1272;1121;1123;
1273;1123;1125;
1274;1125;1137;
1275;1137;1129;
1276;1137;1132;
1277;1132;1134;
1278;1134;1141;
1279;1141;1140;
1280;1140;1159;
1281;1159;1158;
1282;1158;1155;
1283;1155;1154;
1284;1154;1153;
1285;1153;1152;
1286;1152;1133;
1287;1133;1151;
1288;1151;1156;
1289;1156;1157;
1290;1157;1130;
1291;1126;1131;
1292;1131;1138;
1293;1138;1136;
1294;1136;1139;
1295;1139;1135;
1296;1135;1130;
1297;1133;1150;
1298;1150;1149;
1299;1149;1148;
1300;1148;1147;
1301;1147;1146;
1302;1146;1144;
1303;1144;1145;
1304;1160;1167;
1305;1167;1168;
1306;1168;1137;
1307;1161;1162;
1308;1162;1163;
1309;1163;1164;
1310;1164;1165;
1311;1165;1166;
1312;1185;1183;
1313;1183;1182;
1314;1184;442;
1315;442;1181;
1316;1175;1735;
1317;1735;1176;
1318;1174;1173;
1319;1173;1171;
1320;1171;1169;
1321;1169;1170;
1322;1170;1172;
1323;536;1003;
1324;1003;1186;
1325;46;47;
1326;47;48;
1327;48;49;
1328;49;50;
1329;50;382;
1330;382;625;
1331;625;789;
1332;789;766;
1333;766;51;
1334;51;52;
1335;52;762;
1336;762;53;
1337;53;54;
1338;54;55;
1339;55;56;
1340;56;57;
1341;57;58;
1342;58;1454;
1343;1454;147;
1344;147;59;
1345;59;146;
1346;75;12;
1347;12;76;
1348;76;198;
1349;198;1541;
1350;1541;1538;
1351;1538;199;
1352;199;200;
1353;200;77;
1354;77;454;
1355;454;456;
1356;456;455;
1357;455;449;
1358;449;266;
1359;266;707;
1360;707;1188;
1361;1188;226;
1362;226;78;
1363;78;436;
1364;436;793;
1365;793;144;
1366;144;792;
1367;792;1752;
1368;1752;1760;
1369;1760;79;
1370;79;779;
1371;779;80;
1372;80;786;
1373;786;81;
1374;81;82;
1375;82;83;
1376;83;1187;
1377;1187;84;
1378;84;85;
1379;85;767;
1380;767;667;
1381;667;663;
1382;663;664;
1383;664;86;
1384;86;87;
1385;87;240;
1386;240;88;
1387;88;89;
1388;89;90;
1389;1623;520;
1390;1470;1191;
1391;1191;1192;
1392;1192;1622;
1393;1622;1624;
1394;1624;1625;
1395;1625;414;
1396;1252;1254;
1397;1254;1261;
1398;1261;1263;
1399;1263;1244;
1400;1244;1240;
1401;1240;1213;
1402;1213;1211;
1403;1211;1208;
1404;1208;1205;
1405;1344;1371;
1406;1371;1378;
1407;1378;1380;
1408;1380;1381;
1409;1381;1379;
1410;1379;1377;
1411;1377;1375;
1412;1375;1372;
1413;1372;1367;
1414;1367;1365;
1415;1365;1364;
1416;1364;1338;
1417;1364;1351;
1418;1288;1298;
1419;1367;1376;
1420;1292;1290;
1421;1224;1229;
1422;1333;1331;
1423;1390;1391;
1424;1338;1349;
1425;1269;1253;
1426;1301;1300;
1427;1455;745;
1428;1393;1388;
1429;1343;1339;
1430;1446;1450;
1431;1390;1389;
1432;1250;1268;
1433;1204;1212;
1434;1375;1409;
1435;1270;1272;
1436;1213;1215;
1437;1296;1302;
1438;1130;1202;
1439;1233;1226;
1440;1277;1257;
1441;372;1362;
1442;1124;1126;
1443;1259;1281;
1444;1279;1294;
1445;1314;1326;
1446;1255;1274;
1447;1229;1235;
1448;1414;1413;
1449;1371;1368;
1450;1262;1275;
1451;1287;1285;
1452;1207;1219;
1453;1239;1254;
1454;1229;1236;
1455;1347;1350;
1456;1307;1320;
1457;1320;1354;
1458;1354;1361;
1459;1361;1390;
1460;1390;1401;
1461;1401;1405;
1462;1405;1417;
1463;1417;1422;
1464;1422;1429;
1465;1429;1433;
1466;1433;1432;
1467;1432;1428;
1468;1428;1419;
1469;1419;1415;
1470;1415;1399;
1471;1399;1389;
1472;1389;1363;
1473;1363;1360;
1474;1360;1325;
1475;1325;1310;
1476;1386;1398;
1477;1398;1411;
1478;1409;1404;
1479;1404;1372;
1480;1273;1289;
1481;1289;1297;
1482;1395;1393;
1483;1393;1385;
1484;1338;1330;
1485;1330;1326;
1486;661;1329;
1487;1329;1306;
1488;1411;1412;
1489;1412;1398;
1490;1264;1262;
1491;1262;1260;
1492;1409;1410;
1493;1410;1420;
1494;1209;1210;
1495;1210;1211;
1496;1205;1206;
1497;1206;1214;
1498;1226;1223;
1499;1223;1219;
1500;1126;1120;
1501;1120;1127;
1502;1241;1237;
1503;1237;1234;
1504;1205;1204;
1505;1204;1203;
1506;1219;1218;
1507;1218;219;
1508;1305;1295;
1509;1295;1283;
1510;1387;1374;
1511;1374;1373;
1512;1355;1292;
1513;1292;1249;
1514;1249;1251;
1515;1275;1267;
1516;1267;1258;
1517;1258;1260;
1518;1344;1342;
1519;1342;1337;
1520;1337;1335;
1521;1251;1256;
1522;1256;1300;
1523;1300;1333;
1524;1333;1357;
1525;1357;1356;
1526;1356;1355;
1527;1265;1273;
1528;1273;1283;
1529;1283;1288;
1530;1226;1227;
1531;1227;1220;
1532;1220;219;
1533;1316;1328;
1534;1328;1317;
1535;1317;1308;
1536;1251;1290;
1537;1290;1301;
1538;1301;1356;
1539;1275;1278;
1540;1278;1282;
1541;1282;1286;
1542;1221;1225;
1543;1225;1232;
1544;1232;1231;
1545;1420;1392;
1546;1392;1386;
1547;1386;1391;
1548;1326;1323;
1549;1323;1321;
1550;1321;1315;
1551;1440;1442;
1552;1442;1446;
1553;1446;1443;
1554;1335;1336;
1555;1336;1340;
1556;1340;1344;
1557;1439;1440;
1558;1440;1443;
1559;1443;1420;
1560;1286;1280;
1561;1280;1265;
1562;1265;1264;
1563;1325;1322;
1564;1322;1319;
1565;1319;1320;
1566;1221;1222;
1567;1222;1230;
1568;1230;1231;
1569;1282;1276;
1570;1276;1271;
1571;1271;1278;
1572;1192;1190;
1573;1190;1193;
1574;1193;1194;
1575;1315;1324;
1576;1324;1327;
1577;1327;1326;
1578;1231;1233;
1579;1233;1238;
1580;1238;1236;
1581;1362;1359;
1582;1359;1348;
1583;1348;1346;
1584;1346;1341;
1585;1395;1396;
1586;1396;1413;
1587;1413;1431;
1588;1431;1435;
1589;1243;1248;
1590;1248;1272;
1591;1272;1313;
1592;1313;1314;
1593;1373;1384;
1594;1384;1387;
1595;1387;1394;
1596;1394;656;
1597;1341;1345;
1598;1345;1352;
1599;1352;1358;
1600;1358;1362;
1601;1385;1383;
1602;1383;1350;
1603;1350;1334;
1604;1334;1326;
1605;1243;1246;
1606;1246;1270;
1607;1270;1312;
1608;1312;1314;
1609;1435;1434;
1610;1434;1414;
1611;1414;1397;
1612;1397;1395;
1613;1423;1416;
1614;1416;1426;
1615;1426;1425;
1616;1425;1418;
1617;1335;1304;
1618;1304;1295;
1619;1295;1289;
1620;1289;1280;
1621;1306;1318;
1622;1318;1353;
1623;1353;1366;
1624;1366;1370;
1625;1370;1373;
1626;1236;1245;
1627;1245;1235;
1628;1235;1228;
1629;1228;1217;
1630;1217;1224;
1631;1341;1331;
1632;1331;1303;
1633;1303;1299;
1634;1299;1293;
1635;1293;1286;
1636;1326;1332;
1637;1332;1343;
1638;1343;1347;
1639;1347;1382;
1640;1382;1385;
1641;1377;1402;
1642;1402;1406;
1643;1406;1408;
1644;1408;1407;
1645;1407;1379;
1646;1247;1266;
1647;1266;1285;
1648;1285;1296;
1649;1296;1308;
1650;1308;1316;
1651;1316;1330;
1652;1454;1453;
1653;1453;1449;
1654;1449;1448;
1655;1448;1447;
1656;1447;1450;
1657;1450;1452;
1658;1391;1400;
1659;1400;1403;
1660;1403;1421;
1661;1421;1427;
1662;1427;1436;
1663;1436;356;
1664;1200;1198;
1665;1198;1196;
1666;1196;1458;
1667;1458;1459;
1668;1459;1460;
1669;1460;1461;
1670;1461;1462;
1671;1462;1463;
1672;1463;1464;
1673;1464;1465;
1674;1465;1466;
1675;1466;1194;
1676;1194;1456;
1677;1456;1457;
1678;1457;412;
1679;412;1195;
1680;1195;1197;
1681;1197;1199;
1682;1199;1200;
1683;1410;1423;
1684;1423;1424;
1685;1424;1439;
1686;1439;1451;
1687;1451;1438;
1688;1438;1437;
1689;1437;1435;
1690;1288;1304;
1691;1304;1307;
1692;1307;1310;
1693;1310;1309;
1694;1309;1305;
1695;1305;1297;
1696;1297;1291;
1697;1291;1286;
1698;1243;1241;
1699;1241;1242;
1700;1242;1247;
1701;1247;1250;
1702;1250;1253;
1703;1253;1255;
1704;1255;1257;
1705;1257;1260;
1706;1266;1268;
1707;1268;1269;
1708;1269;1274;
1709;1274;1277;
1710;1277;1279;
1711;1279;1281;
1712;1281;1284;
1713;1284;1264;
1714;415;1878;
1715;1878;1619;
1716;1619;1467;
1717;1468;775;
1718;1469;1482;
1719;1482;1620;
1720;1618;1480;
1721;1480;1481;
1722;1481;1467;
1723;1467;1470;
1724;1470;1621;
1725;1621;1471;
1726;1471;1472;
1727;1472;1626;
1728;1626;520;
1729;520;1468;
1730;1468;1479;
1731;1479;1473;
1732;1473;416;
1733;416;1474;
1734;1474;1475;
1735;1475;1476;
1736;1476;1469;
1737;1469;1477;
1738;1477;1478;
1739;1478;1618;
1740;413;148;
1741;148;1623;
1742;173;443;
1743;443;413;
1744;637;1485;
1745;1485;1492;
1746;1492;1491;
1747;1491;1486;
1748;1486;1493;
1749;1493;1487;
1750;1487;1488;
1751;1488;1489;
1752;1489;1494;
1753;1494;1490;
1754;1494;1495;
1755;324;1500;
1756;1500;1501;
1757;1501;1562;
1758;1562;1708;
1759;1708;1502;
1760;1502;1707;
1761;1707;1503;
1762;1503;1706;
1763;1706;1705;
1764;1705;1504;
1765;1504;1704;
1766;1704;1505;
1767;1505;1506;
1768;1506;1702;
1769;1702;1507;
1770;1507;1508;
1771;1508;1509;
1772;1509;1703;
1773;1703;1510;
1774;1510;1511;
1775;1515;1709;
1776;1709;1516;
1777;1516;1710;
1778;1710;1517;
1779;1517;1518;
1780;1518;1711;
1781;1711;1712;
1782;1712;1519;
1783;1519;1520;
1784;1520;1713;
1785;1713;1521;
1786;1522;1523;
1787;1523;1524;
1788;1524;1525;
1789;1525;1526;
1790;1526;1527;
1791;1527;1528;
1792;1528;1529;
1793;1529;1530;
1794;1530;1531;
1795;1531;1532;
1796;1532;1533;
1797;1533;268;
1798;1528;1534;
1799;1534;1535;
1800;1535;1536;
1801;1536;1537;
1802;1538;1539;
1803;1539;1540;
1804;1540;1557;
1805;1557;1541;
1806;1540;1542;
1807;1542;1543;
1808;1543;1544;
1809;1544;1545;
1810;1545;1553;
1811;1553;1546;
1812;1546;1547;
1813;1547;1560;
1814;1560;1561;
1815;1561;1548;
1816;1548;1549;
1817;1549;1550;
1818;1550;1551;
1819;1551;1548;
1820;1551;1552;
1821;1552;1546;
1822;1553;1554;
1823;1554;1555;
1824;1555;1552;
1825;1539;1556;
1826;1557;1558;
1827;1558;1559;
1828;1569;1570;
1829;1570;1571;
1830;1571;1572;
1831;1573;1574;
1832;1574;1575;
1833;1575;1576;
1834;1576;1577;
1835;1577;1581;
1836;1581;1578;
1837;1571;1579;
1838;1579;1580;
1839;1580;1581;
1840;1581;1582;
1841;1582;1583;
1842;1589;1779;
1843;1779;1590;
1844;1589;1585;
1845;1585;1586;
1846;1586;1587;
1847;1587;1588;
1848;1591;1592;
1849;1592;1593;
1850;1593;1594;
1851;1594;1595;
1852;1595;1596;
1853;1596;1597;
1854;1597;1598;
1855;1598;1599;
1856;1599;1600;
1857;1600;1601;
1858;1601;1602;
1859;1602;1603;
1860;1603;1604;
1861;1604;1605;
1862;1605;1606;
1863;1600;1607;
1864;1607;1608;
1865;1608;1609;
1866;1609;1610;
1867;1610;1611;
1868;1611;1612;
1869;1612;517;
1870;398;1972;
1871;1972;1614;
1872;397;1617;
1873;1617;1614;
1874;1614;1615;
1875;1615;1616;
1876;1618;1620;
1877;1623;1471;
1878;344;345;
1879;345;335;
1880;152;153;
1881;179;178;
1882;178;177;
1883;177;176;
1884;176;175;
1885;175;174;
1886;705;429;
1887;494;497;
1888;497;495;
1889;495;1630;
1890;1630;498;
1891;498;479;
1892;479;1631;
1893;1631;1632;
1894;1632;1633;
1895;498;1634;
1896;1634;1635;
1897;1635;1636;
1898;1636;1637;
1899;1637;1638;
1900;490;1642;
1901;1642;1643;
1902;1643;1644;
1903;1644;1645;
1904;1645;1646;
1905;1646;1647;
1906;1647;480;
1907;296;603;
1908;603;297;
1909;1655;553;
1910;553;293;
1911;293;294;
1912;294;1910;
1913;1910;486;
1914;486;489;
1915;489;498;
1916;1657;1658;
1917;433;432;
1918;432;1721;
1919;1721;1722;
1920;1177;1728;
1921;1728;1729;
1922;1729;1739;
1923;1739;1176;
1924;1730;1731;
1925;1731;1732;
1926;1734;1738;
1927;1738;1735;
1928;1734;1736;
1929;1736;1737;
1930;1174;1785;
1931;1785;1737;
1932;1174;1741;
1933;1741;1742;
1934;1742;1885;
1935;1885;1743;
1936;1743;1744;
1937;1744;1745;
1938;1745;1746;
1939;1746;1747;
1940;1747;288;
1941;1748;1749;
1942;1749;1750;
1943;1750;1590;
1944;516;1966;
1945;1966;1751;
1946;1751;1967;
1947;1967;610;
1948;610;609;
1949;609;613;
1950;613;1968;
1951;1968;1969;
1952;1969;612;
1953;612;174;
1954;1752;1753;
1955;1753;1754;
1956;1754;1755;
1957;1755;1756;
1958;1756;1757;
1959;1757;1758;
1960;1758;1759;
1961;1759;1768;
1962;1768;1760;
1963;1753;1761;
1964;1761;1762;
1965;1762;1763;
1966;1763;1764;
1967;1764;1765;
1968;1765;1766;
1969;1766;1767;
1970;1767;1768;
1971;1584;1769;
1972;1769;1770;
1973;1770;1771;
1974;1771;1772;
1975;1772;1773;
1976;1589;1584;
1977;1584;1774;
1978;1774;1775;
1979;1775;1776;
1980;1776;1777;
1981;1777;1778;
1982;1778;1970;
1983;1780;1781;
1984;1781;1584;
1985;1782;1837;
1986;1837;1783;
1987;1783;1784;
1988;1791;1792;
1989;1793;1794;
1990;1794;1799;
1991;1799;1796;
1992;1796;1795;
1993;1796;1797;
1994;1797;1798;
1995;1798;1799;
1996;1802;1803;
1997;1803;1804;
1998;1804;1805;
1999;1805;1806;
2000;1806;1801;
2001;1801;1808;
2002;1808;1800;
2003;1800;731;
2004;1804;1807;
2005;1807;1808;
2006;1790;1809;
2007;1809;1810;
2008;1810;1811;
2009;1811;1812;
2010;1812;1813;
2011;1813;1810;
2012;619;1814;
2013;1814;1818;
2014;1818;1815;
2015;1815;1816;
2016;1816;1817;
2017;1817;1818;
2018;1817;1819;
2019;1819;1820;
2020;1820;1811;
2021;1821;1822;
2022;1822;1823;
2023;1823;1824;
2024;1616;1827;
2025;1827;1828;
2026;342;343;
2027;343;344;
2028;343;1833;
2029;1833;1834;
2030;1840;1841;
2031;1568;1842;
2032;1842;1843;
2033;1843;1844;
2034;1844;1845;
2035;1845;1846;
2036;1846;1847;
2037;1847;1848;
2038;1578;1849;
2039;1849;1850;
2040;1850;1851;
2041;1851;1852;
2042;1852;1848;
2043;1571;1853;
2044;1853;1854;
2045;1854;1855;
2046;1855;1856;
2047;1856;1857;
2048;1858;1859;
2049;1859;1860;
2050;1860;1861;
2051;1861;1862;
2052;1862;1863;
2053;1863;1864;
2054;1864;1865;
2055;1866;1867;
2056;1867;1868;
2057;1868;1877;
2058;1877;1869;
2059;1869;1870;
2060;1878;1871;
2061;1871;1872;
2062;1872;1873;
2063;1873;1874;
2064;1874;1875;
2065;1875;1876;
2066;1879;1876;
2067;1876;1877;
2068;1881;1882;
2069;697;220;
2070;220;224;
2071;224;223;
2072;223;1175;
2073;1175;287;
2074;287;331;
2075;331;1174;
2076;1174;1172;
2077;1172;288;
2078;1180;699;
2079;699;701;
2080;701;700;
2081;700;693;
2082;693;698;
2083;698;691;
2084;691;702;
2085;702;1740;
2086;1740;696;
2087;696;692;
2088;692;694;
2089;694;695;
2090;695;697;
2091;1885;1886;
2092;1886;1887;
2093;1887;1888;
2094;1888;1889;
2095;1889;1890;
2096;1890;1891;
2097;1891;1892;
2098;1892;1893;
2099;1893;1894;
2100;1894;1895;
2101;1895;1896;
2102;336;1901;
2103;1901;1902;
2104;1902;1903;
2105;1903;1904;
2106;1904;1905;
2107;1905;1906;
2108;1906;1907;
2109;1907;1908;
2110;1908;1909;
2111;1909;1910;
2112;1911;1912;
2113;1912;1913;
2114;1913;1914;
2115;1914;1915;
2116;1915;1916;
2117;1916;1918;
2118;1918;1917;
2119;1918;1919;
2120;1919;1920;
2121;1920;1921;
2122;1921;1922;
2123;1922;1923;
2124;1923;1924;
2125;1924;1925;
2126;1925;1926;
2127;1926;1927;
2128;1927;1931;
2129;1931;1912;
2130;1928;1929;
2131;1929;1930;
2132;1930;1931;
2133;1934;1935;
2134;1935;1936;
2135;1936;1937;
2136;201;777;
2137;777;63;
2138;63;773;
2139;773;64;
2140;64;65;
2141;65;102;
2142;457;1942;
2143;1942;1943;
2144;1943;1944;
2145;1944;1945;
2146;391;1946;
2147;1946;1947;
2148;1947;1948;
2149;1948;1949;
2150;1949;1950;
2151;1950;1951;
2152;1951;1952;
2153;1952;1953;
2154;1953;1960;
2155;1960;1954;
2156;1954;1955;
2157;1955;1956;
2158;1956;1957;
2159;1957;1958;
2160;1958;1959;
2161;1959;390;
2162;1962;1964;
2163;1964;1965;
2164;1987;1986;
2165;1986;1985;
2166;1985;1974;
2167;1974;803;
2168;803;1979;
2169;1979;1980;
2170;1980;1975;
2171;1976;1977;
2172;1977;1982;
