1;817;635
2;812;637
3;805;643
4;804;652
5;813;660
6;824;662
7;834;658
8;828;604
9;827;612
10;823;616
11;808;620
12;804;620
13;919;663
14;886;650
15;882;648
16;873;639
17;865;628
18;852;601
19;875;654
20;881;659
21;883;673
22;873;680
23;857;678
24;850;670
25;825;798
26;818;801
27;831;780
28;837;755
29;838;746
30;847;664
31;849;648
32;849;620
33;846;601
34;842;581
35;823;523
36;825;548
37;836;583
38;840;601
39;842;642
40;842;655
41;840;674
42;833;746
43;831;754
44;825;780
45;154;585
46;263;573
47;284;571
48;291;569
49;298;566
50;322;556
51;370;538
52;375;537
53;398;532
54;409;531
55;423;531
56;437;532
57;451;535
58;488;543
59;539;554
60;553;557
61;610;569
62;699;594
63;769;613
64;800;623
65;829;634
66;858;647
67;898;662
68;914;666
69;936;671
70;954;673
71;966;669
72;946;667
73;933;666
74;859;642
75;833;631
76;779;612
77;722;596
78;607;564
79;465;533
80;450;530
81;436;528
82;423;527
83;406;528
84;377;532
85;371;533
86;352;539
87;336;544
88;302;559
89;291;563
90;282;566
91;263;568
92;154;580
93;147;581
94;140;585
95;838;652
96;829;660
97;818;662
98;808;657
99;804;647
100;806;642
101;814;636
102;834;636
103;853;675
104;879;677
105;867;680
106;884;662
107;885;668
108;1114;624
109;1108;622
110;1102;622
111;1094;624
112;1091;626
113;1072;638
114;1055;649
115;1036;662
116;1030;664
117;1020;668
118;1002;671
119;269;529
120;247;703
121;244;731
122;244;762
123;245;767
124;251;785
125;258;806
126;545;828
127;567;568
128;480;697
129;478;708
130;482;713
131;534;750
132;537;753
133;541;761
134;550;569
135;496;675
136;540;756
137;517;629
138;477;702
139;582;572
140;542;576
141;293;423
142;275;492
143;285;457
144;508;542
145;514;627
146;548;556
147;507;547
148;443;729
149;486;684
150;491;675
151;364;822
152;404;796
153;393;796
154;378;806
155;890;793
156;919;827
157;908;813
158;241;730
159;219;724
160;203;720
161;179;714
162;155;710
163;137;706
164;221;789
165;117;803
166;105;805
167;176;795
168;136;800
169;845;593
170;859;840
171;654;815
172;474;825
173;467;705
174;535;767
175;535;763
176;533;757
177;523;750
178;497;731
179;469;711
180;540;767
181;568;757
182;585;754
183;591;756
184;599;760
185;622;778
186;626;781
187;642;783
188;540;843
189;538;820
190;538;807
191;537;799
192;536;772
193;649;806
194;645;801
195;642;795
196;643;774
197;379;625
198;769;609
199;729;598
200;726;597
201;727;601
202;647;765
203;669;723
204;702;654
205;797;659
206;726;605
207;559;562
208;275;493
209;734;595
210;736;513
211;726;595
212;721;590
213;708;579
214;697;570
215;680;560
216;625;532
217;601;515
218;677;707
219;500;657
220;718;766
221;709;765
222;672;755
223;731;776
224;725;776
225;545;497
226;615;567
227;619;545
228;617;527
229;616;534
230;572;530
231;734;557
232;681;556
233;744;577
234;699;523
235;682;546
236;220;553
237;256;555
238;266;555
239;289;555
240;310;555
241;245;506
242;248;530
243;249;540
244;618;548
245;612;523
246;617;520
247;622;508
248;621;504
249;609;495
250;168;583
251;142;708
252;120;704
253;261;591
254;168;598
255;161;599
256;153;600
257;147;604
258;143;607
259;141;611
260;140;615
261;139;632
262;122;672
263;119;686
264;587;518
265;598;513
266;666;581
267;847;509
268;804;518
269;797;518
270;792;515
271;790;511
272;790;506
273;795;494
274;794;473
275;792;470
276;781;458
277;797;483
278;830;513
279;917;563
280;659;742
281;1029;829
282;935;846
283;760;750
284;765;751
285;782;751
286;990;735
287;763;775
288;813;794
289;973;814
290;956;809
291;936;805
292;918;797
293;888;769
294;890;754
295;839;782
296;832;801
297;863;815
298;864;813
299;861;827
300;857;854
301;851;868
302;845;879
303;837;889
304;834;894
305;810;804
306;804;818
307;795;833
308;785;854
309;766;879
310;763;880
311;941;672
312;943;672
313;384;740
314;308;759
315;386;795
316;369;790
317;347;784
318;316;764
319;722;521
320;695;545
321;720;529
322;735;536
323;744;536
324;752;527
325;910;621
326;789;468
327;296;752
328;282;746
329;268;740
330;252;734
331;773;778
332;691;726
333;690;729
334;810;748
335;370;814
336;840;762
337;840;778
338;835;794
339;811;735
340;270;763
341;283;808
342;312;809
343;312;802
344;344;804
345;343;812
346;550;545
347;558;527
348;543;524
349;528;518
350;444;535
351;448;537
352;453;541
353;454;545
354;452;550
355;446;553
356;437;554
357;430;554
358;420;554
359;410;554
360;436;539
361;424;554
362;423;539
363;411;554
364;410;539
365;415;556
366;413;559
367;411;561
368;411;565
369;413;571
370;422;589
371;422;594
372;419;597
373;416;599
374;393;600
375;378;600
376;406;599
377;405;584
378;257;624
379;320;625
380;259;603
381;321;606
382;326;555
383;350;555
384;357;556
385;376;558
386;216;767
387;172;773
388;198;770
389;225;766
390;224;800
391;180;811
392;400;745
393;394;753
394;391;757
395;390;765
396;389;775
397;388;786
398;387;793
399;463;817
400;455;810
401;450;805
402;442;802
403;422;798
404;416;797
405;434;799
406;430;793
407;428;789
408;428;782
409;430;772
410;435;764
411;446;750
412;446;748
413;458;714
414;460;715
415;406;796
416;415;752
417;470;821
418;481;817
419;482;808
420;483;800
421;483;790
422;759;626
423;764;635
424;776;652
425;782;662
426;789;647
427;777;629
428;1014;669
429;884;635
430;896;647
431;877;629
432;871;616
433;876;626
434;907;621
435;956;673
436;568;556
437;551;554
438;374;535
439;372;534
440;705;701
441;814;709
442;826;709
443;463;708
444;638;538
445;673;556
446;840;751
447;234;556
448;713;583
449;676;583
450;694;586
451;682;582
452;691;583
453;684;579
454;705;591
455;677;583
456;701;590
457;690;581
458;788;464
459;1125;630
460;762;507
461;767;503
462;676;557
463;758;513
464;693;524
465;722;527
466;690;527
467;710;584
468;701;585
469;693;581
470;705;586
471;703;586
472;712;582
473;708;585
474;579;754
475;849;755
476;846;754
477;846;749
478;634;783
479;885;748
480;852;755
481;773;752
482;666;746
483;924;741
484;551;764
485;573;755
486;889;752
487;852;749
488;692;761
489;888;750
490;851;749
491;668;746
492;884;745
493;564;768
494;856;755
495;884;751
496;563;760
497;883;751
498;885;749
499;555;567
500;622;506
501;545;572
502;491;683
503;943;667
504;884;610
505;845;562
506;902;602
507;873;597
508;897;604
509;858;544
510;891;610
511;846;559
512;893;545
513;846;565
514;886;610
515;481;786
516;476;780
517;470;776
518;440;775
519;459;774
520;418;749
521;466;710
522;467;708
523;601;587
524;611;606
525;613;608
526;618;591
527;595;607
528;587;593
529;615;605
530;609;613
531;592;612
532;592;608
533;591;611
534;595;610
535;594;605
536;609;575
537;620;595
538;612;613
539;600;594
540;595;612
541;590;590
542;609;609
543;569;627
544;593;613
545;619;593
546;598;587
547;608;611
548;1088;627
549;747;583
550;752;589
551;115;698
552;914;782
553;887;778
554;913;783
555;909;783
556;915;780
557;916;779
558;907;743
559;911;783
560;1120;627
561;325;643
562;342;635
563;333;625
564;324;646
565;365;646
566;339;638
567;380;634
568;381;682
569;333;632
570;359;648
571;372;631
572;363;625
573;327;649
574;360;665
575;323;643
576;349;666
577;329;646
578;317;624
579;335;651
580;362;640
581;368;676
582;334;650
583;326;648
584;359;642
585;366;637
586;342;656
587;373;671
588;367;635
589;356;670
590;357;636
591;357;625
592;342;625
593;332;632
594;366;668
595;371;641
596;371;625
597;344;661
598;319;633
599;363;632
600;320;647
601;302;644
602;840;809
603;845;806
604;983;735
605;538;824
606;539;840
607;446;504
608;499;810
609;516;773
610;502;773
611;517;778
612;533;767
613;530;772
614;366;819
615;274;624
616;284;651
617;287;659
618;276;631
619;284;684
620;242;536
621;216;548
622;233;528
623;351;517
624;238;533
625;354;543
626;355;514
627;267;542
628;241;539
629;211;541
630;352;515
631;520;660
632;519;662
633;641;693
634;508;636
635;521;662
636;512;633
637;550;664
638;523;663
639;527;663
640;558;672
641;615;681
642;521;661
643;548;668
644;505;643
645;614;689
646;556;671
647;640;696
648;617;684
649;563;668
650;617;685
651;566;668
652;559;673
653;617;682
654;536;602
655;506;658
656;541;603
657;534;606
658;527;601
659;533;603
660;502;654
661;539;607
662;604;577
663;363;536
664;358;537
665;361;534
666;359;533
667;364;535
668;391;570
669;137;800
670;158;798
671;98;806
672;115;803
673;754;705
674;815;693
675;813;708
676;813;709
677;816;690
678;756;686
679;818;688
680;817;689
681;818;685
682;817;689
683;760;682
684;758;681
685;756;683
686;756;685
687;756;684
688;757;682
689;727;746
690;730;740
691;723;754
692;723;761
693;721;751
694;721;762
695;719;764
696;724;758
697;716;766
698;721;752
699;722;745
700;721;750
701;722;749
702;724;755
703;664;584
704;665;589
705;910;631
706;987;671
707;653;577
708;351;785
709;723;792
710;650;800
711;654;791
712;663;793
713;676;767
714;667;764
715;652;790
716;649;794
717;647;795
718;713;823
719;721;819
720;724;813
721;726;810
722;724;801
723;722;794
724;719;793
725;714;791
726;718;820
727;383;718
728;384;737
729;380;741
730;293;760
731;292;750
732;302;755
733;247;732
734;242;730
735;248;733
736;244;735
737;245;726
738;245;727
739;191;717
740;116;703
741;450;538
742;454;543
743;454;548
744;449;552
745;438;541
746;443;541
747;445;540
748;447;540
749;448;539
750;394;555
751;884;653
752;270;522
753;210;539
754;211;541
755;293;582
756;291;604
757;467;708
758;466;711
759;523;663
760;302;756
761;375;535
762;385;534
763;375;540
764;376;560
765;375;540
766;369;538
767;368;534
768;147;587
769;773;623
770;771;619
771;770;615
772;733;597
773;784;617
774;927;669
775;412;749
776;1039;659
777;767;612
778;446;528
779;457;531
780;892;654
781;880;646
782;897;657
783;455;529
784;508;543
785;504;545
786;442;529
787;452;527
788;816;619
789;358;542
790;828;607
791;529;548
792;505;541
793;536;549
794;506;544
795;450;525
796;448;526
797;498;544
798;356;690
799;331;688
800;368;686
801;293;685
802;279;683
803;331;682
804;379;682
805;357;679
806;274;679
807;270;676
808;266;675
809;362;673
810;346;674
811;256;674
812;333;674
813;250;673
814;344;673
815;334;672
816;341;671
817;338;670
818;355;645
819;334;635
820;369;634
821;333;633
822;379;631
823;291;603
824;90;807
825;221;787
826;216;771
827;196;770
828;125;705
829;928;669
830;582;571
831;516;629
832;543;828
833;481;819
834;492;817
835;498;817
836;550;816
837;499;815
838;581;814
839;542;799
840;548;798
841;497;798
842;497;797
843;538;761
844;538;757
845;536;753
846;533;750
847;481;713
848;674;712
849;673;708
850;477;708
851;671;706
852;674;705
853;679;703
854;476;702
855;479;697
856;481;690
857;490;682
858;495;675
859;504;658
860;503;658
861;530;602
862;529;602
863;539;584
864;638;582
865;541;578
866;604;576
867;541;576
868;607;573
869;544;571
870;549;568
871;568;568
872;561;567
873;555;567
874;561;566
875;613;562
876;618;543
877;614;540
878;610;538
879;614;537
880;702;703
881;718;702
882;640;695
883;615;688
884;684;676
885;693;672
886;664;671
887;659;670
888;683;669
889;680;667
890;679;664
891;524;663
892;684;655
893;689;655
894;690;653
895;673;651
896;669;650
897;673;640
898;656;635
899;656;633
900;684;632
901;645;631
902;640;629
903;685;629
904;659;627
905;642;625
906;649;624
907;648;624
908;634;624
909;636;624
910;684;623
911;633;623
912;682;623
913;636;623
914;649;622
915;633;622
916;636;622
917;634;621
918;635;621
919;690;621
920;641;620
921;662;619
922;619;619
923;634;619
924;636;619
925;653;618
926;655;618
927;624;617
928;620;617
929;694;616
930;627;616
931;653;616
932;617;616
933;629;614
934;638;614
935;616;614
936;633;613
937;632;613
938;638;613
939;639;612
940;879;610
941;879;609
942;616;611
943;879;610
944;880;609
945;880;608
946;884;609
947;881;608
948;882;608
949;881;608
950;636;608
951;635;607
952;636;606
953;636;605
954;633;605
955;670;603
956;122;601
957;621;601
958;671;600
959;639;600
960;636;599
961;639;599
962;637;598
963;649;597
964;648;596
965;651;595
966;629;594
967;635;594
968;636;593
969;675;592
970;630;591
971;634;591
972;601;591
973;621;591
974;626;590
975;605;589
976;606;589
977;609;589
978;602;589
979;622;589
980;607;589
981;595;588
982;601;588
983;607;588
984;638;588
985;595;587
986;636;587
987;606;587
988;602;586
989;604;586
990;603;586
991;638;586
992;610;585
993;593;584
994;640;582
995;606;581
996;633;580
997;604;580
998;610;579
999;596;578
1000;632;578
1001;608;578
1002;243;575
1003;612;575
1004;616;573
1005;599;569
1006;576;566
1007;584;566
1008;919;565
1009;581;563
1010;506;545
1011;814;825
1012;807;827
1013;814;811
1014;822;791
1015;820;812
1016;828;791
1017;833;774
1018;827;773
1019;835;766
1020;829;766
1021;838;750
1022;832;750
1023;833;741
1024;839;742
1025;842;709
1026;836;707
1027;870;680
1028;863;680
1029;860;679
1030;877;678
1031;855;677
1032;881;675
1033;851;673
1034;884;670
1035;848;667
1036;885;667
1037;841;665
1038;885;664
1039;821;662
1040;913;662
1041;827;661
1042;815;661
1043;883;661
1044;907;660
1045;832;659
1046;811;659
1047;809;658
1048;880;657
1049;835;657
1050;878;656
1051;848;655
1052;836;655
1053;806;655
1054;837;654
1055;805;654
1056;804;651
1057;804;649
1058;840;648
1059;804;645
1060;878;644
1061;875;642
1062;849;641
1063;807;640
1064;809;639
1065;810;638
1066;871;637
1067;828;635
1068;824;635
1069;820;635
1070;869;634
1071;849;634
1072;843;633
1073;867;632
1074;849;625
1075;843;624
1076;863;623
1077;813;620
1078;842;619
1079;819;618
1080;821;617
1081;848;615
1082;825;614
1083;842;612
1084;848;611
1085;827;611
1086;828;608
1087;841;607
1088;838;592
1089;827;590
1090;826;577
1091;839;573
1092;832;567
1093;825;567
1094;836;563
1095;829;559
1096;825;558
1097;830;545
1098;817;524
1099;811;505
1100;816;505
1101;810;484
1102;805;469
1103;802;459
1104;801;456
1105;800;452
1106;799;448
1107;834;896
1108;836;904
1109;835;907
1110;692;675
1111;727;792
1112;729;791
1113;730;790
1114;731;790
1115;732;790
1116;732;789
1117;733;787
1118;734;787
1119;421;679
1120;400;699
1121;428;679
1122;426;679
1123;436;680
1124;382;698
1125;444;683
1126;398;699
1127;412;701
1128;417;679
1129;472;699
1130;411;720
1131;398;703
1132;457;694
1133;433;730
1134;455;696
1135;412;707
1136;407;704
1137;459;692
1138;401;704
1139;410;705
1140;446;706
1141;451;700
1142;415;680
1143;414;687
1144;420;740
1145;419;740
1146;422;740
1147;424;739
1148;426;737
1149;429;735
1150;431;733
1151;432;730
1152;436;728
1153;437;727
1154;438;725
1155;439;722
1156;432;723
1157;431;722
1158;439;714
1159;442;710
1160;473;699
1161;474;697
1162;469;695
1163;468;694
1164;467;693
1165;467;692
1166;467;692
1167;460;692
1168;460;692
1169;781;787
1170;786;787
1171;778;786
1172;790;785
1173;776;783
1174;776;779
1175;748;775
1176;748;770
1177;748;763
1178;728;750
1179;727;748
1180;724;742
1181;823;740
1182;817;739
1183;820;709
1184;828;692
1185;822;691
1186;624;578
1187;389;530
1188;629;570
1189;438;760
1190;434;753
1191;425;751
1192;426;750
1193;443;749
1194;443;748
1195;447;748
1196;447;745
1197;447;747
1198;448;745
1199;448;747
1200;448;746
1201;387;740
1202;410;730
1203;381;677
1204;397;676
1205;420;675
1206;454;675
1207;488;673
1208;420;673
1209;408;673
1210;418;672
1211;420;672
1212;396;670
1213;417;666
1214;458;665
1215;426;663
1216;520;662
1217;474;657
1218;497;656
1219;495;656
1220;498;656
1221;501;655
1222;498;655
1223;490;655
1224;476;654
1225;498;654
1226;489;654
1227;490;654
1228;459;654
1229;474;654
1230;491;653
1231;490;652
1232;491;652
1233;488;652
1234;503;651
1235;461;651
1236;476;650
1237;496;650
1238;476;649
1239;453;649
1240;408;649
1241;494;648
1242;492;648
1243;496;647
1244;408;647
1245;462;647
1246;497;647
1247;488;647
1248;496;646
1249;396;646
1250;484;646
1251;401;646
1252;460;645
1253;480;645
1254;455;645
1255;475;644
1256;406;644
1257;471;644
1258;460;643
1259;467;643
1260;462;642
1261;433;641
1262;463;640
1263;429;640
1264;464;638
1265;461;637
1266;493;637
1267;435;637
1268;489;636
1269;485;635
1270;503;635
1271;425;634
1272;502;634
1273;462;634
1274;480;634
1275;435;633
1276;424;633
1277;476;633
1278;430;632
1279;475;632
1280;437;631
1281;472;631
1282;424;631
1283;464;631
1284;468;630
1285;497;629
1286;424;628
1287;492;628
1288;465;628
1289;439;627
1290;403;626
1291;424;626
1292;398;626
1293;414;625
1294;478;625
1295;441;624
1296;500;624
1297;425;624
1298;467;624
1299;413;623
1300;408;623
1301;403;623
1302;493;622
1303;412;621
1304;442;621
1305;426;620
1306;560;620
1307;433;619
1308;502;619
1309;427;618
1310;429;617
1311;519;617
1312;512;617
1313;510;617
1314;511;616
1315;519;616
1316;504;616
1317;492;616
1318;566;616
1319;433;616
1320;435;616
1321;516;615
1322;432;615
1323;513;615
1324;517;614
1325;431;614
1326;512;614
1327;514;614
1328;493;613
1329;536;613
1330;506;612
1331;416;612
1332;514;611
1333;410;611
1334;512;611
1335;447;610
1336;448;609
1337;446;609
1338;490;607
1339;520;607
1340;449;607
1341;418;607
1342;448;606
1343;516;606
1344;449;606
1345;419;605
1346;418;605
1347;517;605
1348;418;604
1349;478;604
1350;515;604
1351;505;604
1352;420;604
1353;572;603
1354;441;603
1355;400;603
1356;405;603
1357;411;603
1358;420;603
1359;419;602
1360;437;602
1361;441;601
1362;420;601
1363;437;601
1364;493;600
1365;494;600
1366;558;600
1367;492;600
1368;458;599
1369;528;598
1370;557;598
1371;454;597
1372;482;597
1373;558;597
1374;555;596
1375;474;595
1376;494;595
1377;471;594
1378;456;593
1379;466;593
1380;458;591
1381;460;591
1382;523;591
1383;521;590
1384;561;590
1385;523;589
1386;454;589
1387;558;589
1388;532;589
1389;436;589
1390;440;589
1391;445;588
1392;457;587
1393;524;587
1394;549;587
1395;525;585
1396;527;584
1397;524;583
1398;454;579
1399;435;577
1400;444;577
1401;439;576
1402;479;576
1403;443;575
1404;493;575
1405;438;575
1406;479;575
1407;475;574
1408;476;574
1409;485;573
1410;484;573
1411;457;572
1412;453;572
1413;533;572
1414;530;571
1415;429;570
1416;496;570
1417;433;569
1418;508;568
1419;428;568
1420;467;568
1421;437;568
1422;433;568
1423;487;568
1424;484;567
1425;500;566
1426;498;566
1427;436;566
1428;428;563
1429;432;563
1430;545;562
1431;537;562
1432;429;562
1433;431;562
1434;535;561
1435;536;561
1436;437;559
1437;535;559
1438;534;558
1439;489;558
1440;481;556
1441;392;555
1442;481;554
1443;473;554
1444;388;553
1445;376;553
1446;474;552
1447;480;551
1448;484;550
1449;486;550
1450;475;549
1451;493;549
1452;470;548
1453;488;548
1454;491;544
1455;436;541
1456;444;748
1457;445;748
1458;446;744
1459;445;744
1460;444;744
1461;443;744
1462;443;745
1463;442;746
1464;442;746
1465;442;747
1466;443;748
1467;422;753
1468;417;750
1469;416;755
1470;423;752
1471;422;750
1472;421;750
1473;415;751
1474;415;753
1475;415;754
1476;416;754
1477;417;755
1478;418;755
1479;416;750
1480;421;755
1481;422;754
1482;417;758
1483;464;711
1484;508;659
1485;556;651
1486;554;647
1487;551;646
1488;548;647
1489;546;648
1490;542;657
1491;556;648
1492;556;649
1493;553;646
1494;545;651
1495;529;646
1496;513;658
1497;941;853
1498;888;541
1499;1099;622
1500;759;531
1501;762;532
1502;763;535
1503;764;541
1504;764;546
1505;764;548
1506;770;549
1507;772;551
1508;775;554
1509;780;558
1510;783;561
1511;785;562
1512;790;469
1513;771;500
1514;778;496
1515;765;505
1516;768;506
1517;770;508
1518;772;513
1519;773;520
1520;775;529
1521;777;537
1522;818;560
1523;815;559
1524;814;557
1525;815;554
1526;815;549
1527;810;538
1528;807;530
1529;807;528
1530;806;525
1531;806;522
1532;804;520
1533;803;519
1534;804;531
1535;802;533
1536;800;534
1537;799;537
1538;761;607
1539;765;598
1540;770;599
1541;766;608
1542;775;602
1543;780;605
1544;801;611
1545;805;612
1546;811;603
1547;812;602
1548;807;594
1549;805;587
1550;798;580
1551;794;583
1552;789;586
1553;806;610
1554;798;604
1555;782;590
1556;757;584
1557;768;602
1558;774;607
1559;802;615
1560;812;601
1561;811;601
1562;763;534
1563;751;587
1564;749;586
1565;734;565
1566;214;594
1567;257;591
1568;906;674
1569;896;744
1570;893;740
1571;880;729
1572;866;718
1573;922;742
1574;922;737
1575;919;733
1576;912;727
1577;902;721
1578;871;700
1579;882;724
1580;888;721
1581;894;716
1582;896;713
1583;903;711
1584;605;781
1585;602;780
1586;598;779
1587;596;780
1588;586;787
1589;602;780
1590;590;789
1591;440;775
1592;439;776
1593;439;780
1594;440;784
1595;444;785
1596;446;785
1597;449;785
1598;451;787
1599;451;790
1600;450;791
1601;448;794
1602;445;795
1603;441;795
1604;438;796
1605;435;797
1606;432;797
1607;452;790
1608;456;788
1609;460;786
1610;465;785
1611;468;783
1612;469;781
1613;928;741
1614;393;786
1615;397;783
1616;403;779
1617;390;785
1618;420;755
1619;419;762
1620;417;762
1621;422;751
1622;433;742
1623;426;746
1624;439;736
1625;450;725
1626;420;749
1627;1046;654
1628;988;735
1629;923;800
1630;885;750
1631;885;747
1632;886;746
1633;888;745
1634;884;748
1635;883;747
1636;882;747
1637;880;746
1638;879;746
1639;843;750
1640;843;752
1641;844;753
1642;848;749
1643;846;750
1644;845;751
1645;845;752
1646;846;753
1647;848;754
1648;848;748
1649;848;755
1650;844;749
1651;915;821
1652;856;855
1653;836;905
1654;847;876
1655;885;788
1656;889;789
1657;901;804
1658;908;801
1659;905;622
1660;800;518
1661;795;517
1662;791;513
1663;789;509
1664;790;507
1665;797;488
1666;797;486
1667;796;478
1668;797;481
1669;793;472
1670;791;469
1671;785;460
1672;787;462
1673;783;459
1674;735;519
1675;721;529
1676;691;546
1677;693;546
1678;736;562
1679;748;584
1680;755;519
1681;735;516
1682;1104;622
1683;1106;622
1684;845;561
1685;845;564
1686;883;609
1687;883;608
1688;880;611
1689;880;611
1690;881;611
1691;882;611
1692;883;611
1693;883;611
1694;884;610
1695;889;610
1696;890;610
1697;900;603
1698;898;604
1699;901;603
1700;743;536
1701;741;536
1702;771;550
1703;782;560
1704;764;547
1705;764;545
1706;764;543
1707;764;538
1708;763;535
1709;767;505
1710;769;507
1711;772;516
1712;773;517
1713;776;533
1714;802;518
1715;862;542
1716;859;542
1717;860;542
1718;852;550
1719;851;552
1720;858;543
1721;878;614
1722;888;613
1723;894;645
1724;698;762
1725;661;744
1726;710;741
1727;719;741
1728;748;763
1729;748;764
1730;698;734
1731;687;756
1732;686;759
1733;728;743
1734;754;766
1735;748;771
1736;762;766
1737;770;774
1738;751;769
1739;748;769
1740;724;756
1741;780;777
1742;782;776
1743;797;776
1744;799;779
1745;809;782
1746;814;786
1747;818;790
1748;538;811
1749;549;810
1750;581;797
1751;490;775
1752;496;539
1753;505;524
1754;505;523
1755;503;522
1756;501;522
1757;496;531
1758;496;533
1759;498;534
1760;495;539
1761;505;523
1762;505;521
1763;493;522
1764;487;533
1765;487;534
1766;489;535
1767;493;536
1768;497;536
1769;615;785
1770;617;786
1771;619;786
1772;621;785
1773;626;780
1774;631;801
1775;634;801
1776;637;802
1777;639;802
1778;642;802
1779;600;782
1780;600;772
1781;603;775
1782;668;724
1783;695;732
1784;699;731
1785;773;776
1786;373;558
1787;423;592
1788;421;596
1789;418;598
1790;358;690
1791;272;709
1792;383;717
1793;340;751
1794;332;733
1795;333;725
1796;333;726
1797;353;728
1798;353;732
1799;333;730
1800;299;738
1801;300;725
1802;273;742
1803;274;740
1804;278;729
1805;279;722
1806;298;723
1807;282;727
1808;299;729
1809;359;695
1810;357;701
1811;334;700
1812;332;703
1813;355;705
1814;284;694
1815;287;701
1816;310;702
1817;311;698
1818;285;696
1819;315;697
1820;329;698
1821;312;686
1822;314;691
1823;329;692
1824;332;688
1825;288;685
1826;282;683
1827;408;777
1828;411;777
1829;429;791
1830;376;808
1831;381;804
1832;344;799
1833;309;802
1834;308;809
1835;281;804
1836;282;806
1837;671;725
1838;796;491
1839;788;463
1840;882;544
1841;880;555
1842;904;673
1843;901;673
1844;899;673
1845;896;674
1846;894;675
1847;893;677
1848;872;697
1849;871;699
1850;871;699
1851;871;698
1852;872;697
1853;878;729
1854;875;729
1855;872;730
1856;870;731
1857;869;732
1858;632;806
1859;635;805
1860;637;804
1861;639;804
1862;640;804
1863;642;804
1864;643;804
1865;646;803
1866;415;785
1867;421;787
1868;423;788
1869;426;788
1870;428;788
1871;415;779
1872;417;780
1873;419;781
1874;421;783
1875;423;785
1876;423;786
1877;423;787
1878;413;778
1879;428;785
1880;428;777
1881;371;791
1882;378;789
1883;582;754
1884;588;755
1885;792;776
1886;796;774
1887;798;773
1888;802;771
1889;806;769
1890;811;767
1891;818;765
1892;825;763
1893;826;762
1894;826;759
1895;827;754
1896;827;753
1897;782;859
1898;790;843
1899;801;824
1900;802;821
1901;842;760
1902;845;760
1903;849;759
1904;854;759
1905;858;758
1906;866;756
1907;874;755
1908;880;754
1909;885;754
1910;889;753
1911;253;656
1912;218;654
1913;216;671
1914;215;677
1915;214;678
1916;211;679
1917;158;683
1918;169;682
1919;174;639
1920;175;637
1921;178;635
1922;181;634
1923;189;635
1924;215;637
1925;217;638
1926;219;639
1927;219;642
1928;205;645
1929;213;646
1930;216;648
1931;218;650
1932;177;714
1933;175;714
1934;202;719
1935;200;722
1936;208;724
1937;216;723
1938;138;635
1939;115;701
1940;120;684
1941;121;674
1942;694;574
1943;697;575
1944;706;582
1945;707;585
1946;187;813
1947;192;813
1948;196;812
1949;202;811
1950;207;809
1951;213;809
1952;220;808
1953;224;808
1954;227;807
1955;228;805
1956;229;803
1957;228;802
1958;226;801
1959;224;801
1960;225;808
1961;365;820
1962;477;806
1963;459;813
1964;478;805
1965;479;803
1966;479;780
1967;496;774
1968;531;769
1969;532;768
1970;645;801
1971;258;805
1972;389;791
1973;387;791
1974;346;684
1975;285;679
1976;285;676
1977;290;676
1978;286;657
1979;309;681
1980;304;680
1981;286;666
1982;304;677
1983;306;686
1984;305;686
1985;348;685
1986;349;687
1987;349;689
