1;36;923;
2;923;920;
3;920;917;
4;917;916;
5;916;8;
6;39;885;
7;885;86;
8;86;881;
9;881;879;
10;879;876;
11;876;7;
12;7;872;
13;872;87;
14;87;868;
15;868;6;
16;6;866;
17;866;88;
18;88;869;
19;869;5;
20;5;873;
21;873;874;
22;874;89;
23;89;880;
24;880;882;
25;882;4;
26;4;883;
27;883;884;
28;884;90;
29;90;886;
30;886;3;
31;3;91;
32;91;890;
33;890;891;
34;891;892;
35;892;2;
36;2;92;
37;92;1;
38;1;896;
39;896;895;
40;895;894;
41;894;93;
42;19;877;
43;877;875;
44;875;20;
45;20;870;
46;870;97;
47;97;865;
48;865;863;
49;863;98;
50;98;861;
51;861;21;
52;21;859;
53;859;95;
54;95;857;
55;857;22;
56;22;854;
57;854;96;
58;96;855;
59;855;856;
60;856;23;
61;23;858;
62;858;94;
63;94;860;
64;860;24;
65;24;862;
66;862;30;
67;630;628;
68;628;14;
69;14;15;
70;15;629;
71;629;887;
72;887;888;
73;888;16;
74;16;893;
75;893;897;
76;897;900;
77;900;17;
78;17;903;
79;903;18;
80;18;34;
81;121;698;
82;698;700;
83;700;124;
84;124;403;
85;403;118;
86;118;401;
87;401;709;
88;709;111;
89;111;123;
90;110;117;
91;127;1254;
92;1254;1212;
93;1212;1193;
94;1193;530;
95;530;1139;
96;1139;1135;
97;1135;126;
98;126;508;
99;508;1058;
100;1058;532;
101;532;1045;
102;1045;188;
103;188;131;
104;131;130;
105;130;693;
106;693;985;
107;985;984;
108;984;953;
109;953;139;
110;138;330;
111;330;312;
112;312;1649;
113;1649;313;
114;313;314;
115;314;315;
116;315;318;
117;318;316;
118;316;317;
119;317;328;
120;328;133;
121;69;70;
122;93;65;
123;65;19;
124;134;1592;
125;1592;135;
126;135;1591;
127;1591;261;
128;261;495;
129;495;1648;
130;1648;132;
131;154;486;
132;486;485;
133;485;155;
134;155;1527;
135;1527;156;
136;156;157;
137;157;158;
138;158;140;
139;327;1307;
140;1307;609;
141;609;418;
142;418;145;
143;140;146;
144;146;388;
145;388;398;
146;398;147;
147;147;389;
148;389;379;
149;379;1616;
150;1616;148;
151;148;1617;
152;1617;149;
153;149;150;
154;150;151;
155;151;1552;
156;1552;152;
157;152;383;
158;383;153;
159;137;159;
160;159;1598;
161;1598;1654;
162;1654;160;
163;160;161;
164;161;153;
165;153;162;
166;162;168;
167;168;230;
168;230;1561;
169;1561;169;
170;139;608;
171;608;419;
172;419;145;
173;51;615;
174;615;613;
175;613;1269;
176;1269;304;
177;304;614;
178;614;296;
179;296;163;
180;163;670;
181;670;454;
182;454;1027;
183;1027;455;
184;455;948;
185;948;1571;
186;1571;594;
187;594;595;
188;595;244;
189;167;165;
190;62;620;
191;620;619;
192;619;618;
193;618;340;
194;340;339;
195;339;171;
196;127;173;
197;165;621;
198;621;174;
199;174;1390;
200;1390;200;
201;165;178;
202;178;179;
203;179;353;
204;353;377;
205;377;180;
206;180;181;
207;181;182;
208;182;367;
209;688;519;
210;519;517;
211;517;524;
212;524;610;
213;610;510;
214;510;504;
215;504;1308;
216;1308;527;
217;527;696;
218;696;697;
219;697;188;
220;712;207;
221;207;196;
222;196;713;
223;713;198;
224;198;197;
225;715;199;
226;199;213;
227;200;201;
228;201;367;
229;447;1388;
230;1388;1389;
231;1389;1471;
232;1471;446;
233;446;202;
234;202;1470;
235;1470;200;
236;1466;250;
237;250;203;
238;203;369;
239;369;371;
240;371;204;
241;204;367;
242;1466;1473;
243;1473;175;
244;1475;1474;
245;208;209;
246;209;210;
247;210;402;
248;402;211;
249;211;212;
250;367;351;
251;351;350;
252;350;183;
253;183;197;
254;197;208;
255;208;184;
256;184;214;
257;194;270;
258;270;125;
259;125;632;
260;215;367;
261;216;1361;
262;1361;227;
263;227;217;
264;217;1496;
265;1496;1451;
266;1451;218;
267;218;1452;
268;1452;219;
269;219;1453;
270;1453;220;
271;220;1454;
272;1454;1455;
273;1455;221;
274;221;222;
275;222;1595;
276;1595;1456;
277;1456;1457;
278;1457;226;
279;226;1459;
280;1459;1458;
281;1458;223;
282;223;1460;
283;1460;224;
284;224;1461;
285;1461;1335;
286;1335;256;
287;256;363;
288;363;1596;
289;1596;1463;
290;1463;1462;
291;1462;1464;
292;1464;225;
293;835;229;
294;229;410;
295;410;1321;
296;1321;216;
297;169;259;
298;259;1563;
299;1563;558;
300;558;231;
301;231;232;
302;232;386;
303;386;233;
304;233;260;
305;260;352;
306;230;1504;
307;1504;387;
308;387;393;
309;393;191;
310;191;1511;
311;1511;391;
312;391;1503;
313;1503;190;
314;190;565;
315;262;263;
316;263;236;
317;236;264;
318;264;237;
319;235;238;
320;238;239;
321;239;1633;
322;1633;1632;
323;1632;240;
324;240;1631;
325;1631;241;
326;241;1630;
327;1630;242;
328;242;243;
329;838;842;
330;842;25;
331;25;843;
332;843;27;
333;27;844;
334;844;846;
335;846;28;
336;245;1572;
337;1572;596;
338;596;244;
339;134;246;
340;246;1614;
341;1614;247;
342;247;575;
343;575;248;
344;248;249;
345;249;245;
346;246;135;
347;204;1468;
348;1468;1469;
349;1469;251;
350;251;252;
351;252;1467;
352;1467;370;
353;370;250;
354;253;1483;
355;1483;1482;
356;1482;254;
357;254;255;
358;255;1472;
359;1472;368;
360;368;365;
361;365;1338;
362;1338;366;
363;366;1336;
364;1336;1337;
365;259;258;
366;260;265;
367;267;268;
368;268;199;
369;55;271;
370;271;272;
371;272;597;
372;597;273;
373;273;598;
374;598;274;
375;274;599;
376;599;275;
377;275;600;
378;600;276;
379;276;277;
380;277;1279;
381;1279;281;
382;282;283;
383;284;285;
384;277;278;
385;278;282;
386;282;279;
387;279;286;
388;286;287;
389;287;288;
390;288;289;
391;289;290;
392;290;291;
393;291;1566;
394;1566;292;
395;292;1567;
396;1567;293;
397;293;1568;
398;1568;294;
399;294;297;
400;297;295;
401;295;296;
402;297;298;
403;299;496;
404;496;465;
405;465;300;
406;300;450;
407;450;478;
408;478;477;
409;477;459;
410;459;481;
411;301;302;
412;302;303;
413;303;1565;
414;1565;304;
415;246;311;
416;311;1656;
417;1656;310;
418;310;309;
419;309;308;
420;308;307;
421;307;306;
422;306;305;
423;138;674;
424;674;331;
425;331;332;
426;332;333;
427;333;334;
428;334;412;
429;412;413;
430;413;414;
431;414;416;
432;416;1398;
433;1398;415;
434;335;336;
435;336;337;
436;337;338;
437;337;339;
438;336;340;
439;342;343;
440;343;127;
441;79;611;
442;611;51;
443;51;344;
444;344;345;
445;345;80;
446;258;717;
447;717;346;
448;346;718;
449;718;541;
450;265;347;
451;347;1007;
452;1007;348;
453;318;1413;
454;1413;319;
455;319;1590;
456;1590;320;
457;320;1603;
458;1603;1612;
459;1612;321;
460;321;1613;
461;1613;322;
462;322;323;
463;323;1013;
464;1013;324;
465;324;325;
466;1437;394;
467;394;1438;
468;1438;390;
469;390;392;
470;392;1448;
471;1448;382;
472;382;1450;
473;1450;1439;
474;1439;352;
475;352;1440;
476;1440;1441;
477;1441;381;
478;381;1449;
479;1449;380;
480;380;385;
481;385;396;
482;361;355;
483;355;357;
484;357;362;
485;362;358;
486;358;356;
487;356;360;
488;377;372;
489;372;378;
490;378;1647;
491;1647;375;
492;375;376;
493;376;373;
494;373;374;
495;374;362;
496;398;395;
497;200;253;
498;253;1466;
499;410;1597;
500;1597;1497;
501;1497;1499;
502;1499;1498;
503;1498;1502;
504;1502;408;
505;408;1500;
506;1500;1501;
507;1501;409;
508;409;1480;
509;1480;406;
510;406;1481;
511;1481;411;
512;411;407;
513;407;778;
514;1426;1589;
515;1589;133;
516;268;269;
517;269;270;
518;426;421;
519;421;439;
520;439;444;
521;444;427;
522;427;435;
523;435;422;
524;422;426;
525;426;434;
526;434;442;
527;442;423;
528;423;805;
529;805;808;
530;420;443;
531;443;809;
532;809;438;
533;438;425;
534;425;440;
535;433;829;
536;829;823;
537;823;817;
538;806;800;
539;800;436;
540;436;432;
541;432;429;
542;429;430;
543;430;428;
544;428;441;
545;441;437;
546;437;431;
547;431;424;
548;424;432;
549;459;484;
550;484;474;
551;453;667;
552;667;669;
553;669;456;
554;456;450;
555;472;666;
556;666;470;
557;470;467;
558;467;471;
559;471;474;
560;474;668;
561;668;458;
562;470;452;
563;452;479;
564;479;657;
565;455;652;
566;652;468;
567;468;657;
568;657;475;
569;475;463;
570;463;482;
571;482;472;
572;477;476;
573;476;467;
574;469;464;
575;464;453;
576;453;449;
577;471;480;
578;480;473;
579;473;468;
580;478;449;
581;449;666;
582;163;481;
583;481;458;
584;458;670;
585;279;284;
586;284;280;
587;280;606;
588;606;1265;
589;1265;1268;
590;1268;1269;
591;492;490;
592;487;488;
593;515;509;
594;509;521;
595;521;523;
596;523;513;
597;513;525;
598;525;520;
599;520;522;
600;522;720;
601;720;517;
602;524;512;
603;512;518;
604;518;515;
605;515;511;
606;511;728;
607;728;510;
608;508;506;
609;506;516;
610;1320;503;
611;503;514;
612;514;507;
613;507;1040;
614;1040;504;
615;505;719;
616;719;519;
617;531;698;
618;698;699;
619;699;530;
620;531;529;
621;529;533;
622;533;528;
623;528;526;
624;526;531;
625;123;534;
626;535;537;
627;537;538;
628;501;500;
629;540;295;
630;541;546;
631;546;545;
632;545;542;
633;542;543;
634;543;347;
635;347;544;
636;544;541;
637;546;554;
638;554;555;
639;555;553;
640;553;556;
641;556;552;
642;552;551;
643;551;549;
644;549;547;
645;547;550;
646;550;548;
647;548;545;
648;1001;1002;
649;1002;1003;
650;1003;557;
651;557;1512;
652;1512;558;
653;1512;1004;
654;1004;1506;
655;1506;1505;
656;572;797;
657;797;172;
658;127;59;
659;59;836;
660;364;448;
661;448;99;
662;99;100;
663;100;1478;
664;1478;1477;
665;1477;101;
666;101;1322;
667;1322;102;
668;102;103;
669;103;445;
670;445;104;
671;104;105;
672;105;1433;
673;1433;624;
674;624;106;
675;106;107;
676;107;108;
677;108;341;
678;341;109;
679;109;573;
680;573;66;
681;66;67;
682;67;405;
683;405;68;
684;68;13;
685;13;867;
686;867;871;
687;871;630;
688;630;607;
689;607;69;
690;836;60;
691;60;571;
692;571;61;
693;61;167;
694;924;35;
695;35;927;
696;927;928;
697;928;929;
698;929;930;
699;930;931;
700;931;932;
701;932;933;
702;28;848;
703;848;29;
704;266;1593;
705;1593;575;
706;159;577;
707;577;578;
708;582;583;
709;583;584;
710;584;161;
711;578;579;
712;579;580;
713;580;581;
714;581;582;
715;582;578;
716;585;593;
717;593;586;
718;586;587;
719;587;588;
720;588;589;
721;589;590;
722;590;591;
723;591;592;
724;602;603;
725;603;604;
726;604;605;
727;605;597;
728;214;185;
729;185;186;
730;500;502;
731;502;498;
732;498;538;
733;244;1025;
734;1025;305;
735;305;623;
736;623;329;
737;172;167;
738;173;833;
739;833;705;
740;705;433;
741;627;631;
742;631;635;
743;635;643;
744;643;644;
745;644;626;
746;626;634;
747;641;639;
748;639;632;
749;632;837;
750;837;128;
751;538;536;
752;57;645;
753;645;633;
754;633;642;
755;642;640;
756;643;487;
757;625;164;
758;653;657;
759;666;457;
760;457;461;
761;461;475;
762;648;653;
763;653;658;
764;658;662;
765;662;664;
766;664;665;
767;665;663;
768;663;660;
769;660;651;
770;661;659;
771;659;656;
772;656;655;
773;655;654;
774;654;650;
775;650;1587;
776;1587;497;
777;497;1586;
778;1586;649;
779;649;1662;
780;1662;1661;
781;1661;1584;
782;1584;647;
783;647;1585;
784;1585;1665;
785;1665;646;
786;646;1569;
787;1569;648;
788;648;652;
789;472;466;
790;466;460;
791;460;469;
792;469;451;
793;451;462;
794;462;483;
795;483;465;
796;169;685;
797;685;187;
798;187;690;
799;690;934;
800;934;722;
801;722;170;
802;170;172;
803;216;1479;
804;1479;228;
805;1010;824;
806;824;701;
807;701;822;
808;822;572;
809;671;708;
810;708;711;
811;711;710;
812;710;707;
813;707;706;
814;706;704;
815;704;702;
816;702;699;
817;699;672;
818;672;697;
819;697;695;
820;695;694;
821;694;692;
822;692;691;
823;691;687;
824;687;684;
825;684;683;
826;683;682;
827;682;681;
828;681;680;
829;117;120;
830;120;116;
831;116;115;
832;115;114;
833;114;113;
834;113;122;
835;122;112;
836;112;404;
837;404;119;
838;119;696;
839;696;121;
840;700;702;
841;680;673;
842;703;671;
843;685;686;
844;686;688;
845;690;689;
846;689;688;
847;712;73;
848;195;712;
849;198;716;
850;716;715;
851;715;714;
852;714;713;
853;331;675;
854;675;676;
855;676;677;
856;677;489;
857;489;678;
858;678;679;
859;806;803;
860;803;804;
861;804;808;
862;808;811;
863;811;815;
864;815;817;
865;817;818;
866;818;816;
867;816;420;
868;420;810;
869;810;806;
870;815;826;
871;826;830;
872;797;786;
873;786;784;
874;784;758;
875;758;741;
876;741;736;
877;736;735;
878;735;734;
879;734;733;
880;733;724;
881;724;723;
882;723;721;
883;807;801;
884;790;795;
885;765;759;
886;758;763;
887;819;822;
888;757;751;
889;751;743;
890;831;828;
891;828;824;
892;723;732;
893;732;733;
894;802;798;
895;798;794;
896;833;834;
897;834;832;
898;792;791;
899;791;784;
900;747;756;
901;756;766;
902;786;793;
903;793;792;
904;792;796;
905;795;796;
906;796;812;
907;812;819;
908;790;788;
909;788;783;
910;783;782;
911;819;814;
912;814;799;
913;799;795;
914;783;785;
915;785;802;
916;802;807;
917;807;820;
918;781;782;
919;782;787;
920;787;789;
921;789;790;
922;755;761;
923;761;773;
924;773;779;
925;779;781;
926;781;780;
927;780;774;
928;774;760;
929;760;754;
930;823;825;
931;825;827;
932;827;821;
933;821;813;
934;813;809;
935;732;737;
936;737;740;
937;740;747;
938;747;749;
939;749;734;
940;763;768;
941;768;776;
942;776;775;
943;775;771;
944;771;762;
945;762;763;
946;741;743;
947;743;744;
948;744;738;
949;738;739;
950;739;742;
951;722;725;
952;725;726;
953;726;727;
954;727;729;
955;729;730;
956;730;731;
957;750;753;
958;753;755;
959;755;754;
960;754;752;
961;752;748;
962;748;745;
963;745;746;
964;746;750;
965;785;777;
966;777;772;
967;772;769;
968;769;765;
969;765;764;
970;764;767;
971;767;770;
972;770;783;
973;850;42;
974;902;899;
975;899;39;
976;42;849;
977;849;43;
978;926;925;
979;925;36;
980;41;853;
981;853;850;
982;39;40;
983;40;864;
984;864;41;
985;29;851;
986;851;852;
987;852;30;
988;34;918;
989;918;921;
990;921;924;
991;911;33;
992;33;136;
993;136;34;
994;36;922;
995;922;919;
996;919;37;
997;37;915;
998;915;38;
999;38;914;
1000;914;910;
1001;910;905;
1002;905;902;
1003;43;847;
1004;847;845;
1005;845;44;
1006;44;841;
1007;841;26;
1008;26;840;
1009;840;839;
1010;30;878;
1011;878;31;
1012;31;889;
1013;889;898;
1014;898;901;
1015;901;32;
1016;32;908;
1017;908;911;
1018;8;638;
1019;638;913;
1020;913;912;
1021;912;9;
1022;9;909;
1023;909;10;
1024;10;907;
1025;907;906;
1026;906;636;
1027;636;904;
1028;904;11;
1029;11;12;
1030;576;935;
1031;935;936;
1032;936;937;
1033;937;938;
1034;938;939;
1035;939;940;
1036;940;941;
1037;941;942;
1038;951;967;
1039;967;966;
1040;966;952;
1041;952;943;
1042;943;946;
1043;946;945;
1044;945;947;
1045;947;949;
1046;949;961;
1047;961;953;
1048;961;956;
1049;956;958;
1050;958;965;
1051;965;964;
1052;964;983;
1053;983;982;
1054;982;979;
1055;979;978;
1056;978;977;
1057;977;976;
1058;976;957;
1059;957;975;
1060;975;980;
1061;980;981;
1062;981;954;
1063;950;955;
1064;955;962;
1065;962;960;
1066;960;963;
1067;963;959;
1068;959;954;
1069;957;974;
1070;974;973;
1071;973;972;
1072;972;971;
1073;971;970;
1074;970;968;
1075;968;969;
1076;984;991;
1077;991;992;
1078;992;961;
1079;985;986;
1080;986;987;
1081;987;988;
1082;988;989;
1083;989;990;
1084;1009;1007;
1085;1007;1006;
1086;1008;348;
1087;348;1005;
1088;999;1514;
1089;1514;1000;
1090;998;997;
1091;997;995;
1092;995;993;
1093;993;994;
1094;994;996;
1095;433;830;
1096;830;1010;
1097;45;46;
1098;46;47;
1099;47;48;
1100;48;49;
1101;49;301;
1102;301;499;
1103;499;637;
1104;637;616;
1105;616;50;
1106;50;51;
1107;51;612;
1108;612;52;
1109;52;53;
1110;53;54;
1111;54;55;
1112;55;56;
1113;56;57;
1114;57;1278;
1115;1278;128;
1116;128;58;
1117;58;127;
1118;70;12;
1119;12;71;
1120;71;164;
1121;164;1365;
1122;1365;1362;
1123;1362;165;
1124;165;166;
1125;166;72;
1126;72;359;
1127;359;361;
1128;361;360;
1129;360;354;
1130;354;215;
1131;215;574;
1132;574;1012;
1133;1012;195;
1134;195;73;
1135;73;342;
1136;342;641;
1137;641;125;
1138;125;640;
1139;640;1531;
1140;1531;1539;
1141;1539;74;
1142;74;627;
1143;627;75;
1144;75;634;
1145;634;76;
1146;76;77;
1147;77;78;
1148;78;1011;
1149;1011;79;
1150;79;80;
1151;80;617;
1152;617;539;
1153;539;535;
1154;535;536;
1155;536;81;
1156;81;82;
1157;82;206;
1158;206;83;
1159;83;84;
1160;84;85;
1161;1429;417;
1162;1294;1015;
1163;1015;1016;
1164;1016;1428;
1165;1428;1430;
1166;1430;1431;
1167;1431;327;
1168;1076;1078;
1169;1078;1085;
1170;1085;1087;
1171;1087;1068;
1172;1068;1064;
1173;1064;1037;
1174;1037;1035;
1175;1035;1032;
1176;1032;1029;
1177;1168;1195;
1178;1195;1202;
1179;1202;1204;
1180;1204;1205;
1181;1205;1203;
1182;1203;1201;
1183;1201;1199;
1184;1199;1196;
1185;1196;1191;
1186;1191;1189;
1187;1189;1188;
1188;1188;1162;
1189;1188;1175;
1190;1112;1122;
1191;1191;1200;
1192;1116;1114;
1193;1048;1053;
1194;1157;1155;
1195;1214;1215;
1196;1162;1173;
1197;1093;1077;
1198;1125;1124;
1199;1279;601;
1200;1217;1212;
1201;1167;1163;
1202;1270;1274;
1203;1214;1213;
1204;1074;1092;
1205;1028;1036;
1206;1199;1233;
1207;1094;1096;
1208;1037;1039;
1209;1120;1126;
1210;954;1026;
1211;1057;1050;
1212;1101;1081;
1213;293;1186;
1214;948;950;
1215;1083;1105;
1216;1103;1118;
1217;1138;1150;
1218;1079;1098;
1219;1053;1059;
1220;1238;1237;
1221;1195;1192;
1222;1086;1099;
1223;1111;1109;
1224;1031;1043;
1225;1063;1078;
1226;1053;1060;
1227;1171;1174;
1228;1131;1144;
1229;1144;1178;
1230;1178;1185;
1231;1185;1214;
1232;1214;1225;
1233;1225;1229;
1234;1229;1241;
1235;1241;1246;
1236;1246;1253;
1237;1253;1257;
1238;1257;1256;
1239;1256;1252;
1240;1252;1243;
1241;1243;1239;
1242;1239;1223;
1243;1223;1213;
1244;1213;1187;
1245;1187;1184;
1246;1184;1149;
1247;1149;1134;
1248;1210;1222;
1249;1222;1235;
1250;1233;1228;
1251;1228;1196;
1252;1097;1113;
1253;1113;1121;
1254;1219;1217;
1255;1217;1209;
1256;1162;1154;
1257;1154;1150;
1258;533;1153;
1259;1153;1130;
1260;1235;1236;
1261;1236;1222;
1262;1088;1086;
1263;1086;1084;
1264;1233;1234;
1265;1234;1244;
1266;1033;1034;
1267;1034;1035;
1268;1029;1030;
1269;1030;1038;
1270;1050;1047;
1271;1047;1043;
1272;950;944;
1273;944;951;
1274;1065;1061;
1275;1061;1058;
1276;1029;1028;
1277;1028;1027;
1278;1043;1042;
1279;1042;188;
1280;1129;1119;
1281;1119;1107;
1282;1211;1198;
1283;1198;1197;
1284;1179;1116;
1285;1116;1073;
1286;1073;1075;
1287;1099;1091;
1288;1091;1082;
1289;1082;1084;
1290;1168;1166;
1291;1166;1161;
1292;1161;1159;
1293;1075;1080;
1294;1080;1124;
1295;1124;1157;
1296;1157;1181;
1297;1181;1180;
1298;1180;1179;
1299;1089;1097;
1300;1097;1107;
1301;1107;1112;
1302;1050;1051;
1303;1051;1044;
1304;1044;188;
1305;1140;1152;
1306;1152;1141;
1307;1141;1132;
1308;1075;1114;
1309;1114;1125;
1310;1125;1180;
1311;1099;1102;
1312;1102;1106;
1313;1106;1110;
1314;1045;1049;
1315;1049;1056;
1316;1056;1055;
1317;1244;1216;
1318;1216;1210;
1319;1210;1215;
1320;1150;1147;
1321;1147;1145;
1322;1145;1139;
1323;1264;1266;
1324;1266;1270;
1325;1270;1267;
1326;1159;1160;
1327;1160;1164;
1328;1164;1168;
1329;1263;1264;
1330;1264;1267;
1331;1267;1244;
1332;1110;1104;
1333;1104;1089;
1334;1089;1088;
1335;1149;1146;
1336;1146;1143;
1337;1143;1144;
1338;1045;1046;
1339;1046;1054;
1340;1054;1055;
1341;1106;1100;
1342;1100;1095;
1343;1095;1102;
1344;1016;1014;
1345;1014;1017;
1346;1017;1018;
1347;1139;1148;
1348;1148;1151;
1349;1151;1150;
1350;1055;1057;
1351;1057;1062;
1352;1062;1060;
1353;1186;1183;
1354;1183;1172;
1355;1172;1170;
1356;1170;1165;
1357;1219;1220;
1358;1220;1237;
1359;1237;1255;
1360;1255;1259;
1361;1067;1072;
1362;1072;1096;
1363;1096;1137;
1364;1137;1138;
1365;1197;1208;
1366;1208;1211;
1367;1211;1218;
1368;1218;528;
1369;1165;1169;
1370;1169;1176;
1371;1176;1182;
1372;1182;1186;
1373;1209;1207;
1374;1207;1174;
1375;1174;1158;
1376;1158;1150;
1377;1067;1070;
1378;1070;1094;
1379;1094;1136;
1380;1136;1138;
1381;1259;1258;
1382;1258;1238;
1383;1238;1221;
1384;1221;1219;
1385;1247;1240;
1386;1240;1250;
1387;1250;1249;
1388;1249;1242;
1389;1159;1128;
1390;1128;1119;
1391;1119;1113;
1392;1113;1104;
1393;1130;1142;
1394;1142;1177;
1395;1177;1190;
1396;1190;1194;
1397;1194;1197;
1398;1060;1069;
1399;1069;1059;
1400;1059;1052;
1401;1052;1041;
1402;1041;1048;
1403;1165;1155;
1404;1155;1127;
1405;1127;1123;
1406;1123;1117;
1407;1117;1110;
1408;1150;1156;
1409;1156;1167;
1410;1167;1171;
1411;1171;1206;
1412;1206;1209;
1413;1201;1226;
1414;1226;1230;
1415;1230;1232;
1416;1232;1231;
1417;1231;1203;
1418;1071;1090;
1419;1090;1109;
1420;1109;1120;
1421;1120;1132;
1422;1132;1140;
1423;1140;1154;
1424;1278;1277;
1425;1277;1273;
1426;1273;1272;
1427;1272;1271;
1428;1271;1274;
1429;1274;1276;
1430;1215;1224;
1431;1224;1227;
1432;1227;1245;
1433;1245;1251;
1434;1251;1260;
1435;1260;277;
1436;1024;1022;
1437;1022;1020;
1438;1020;1282;
1439;1282;1283;
1440;1283;1284;
1441;1284;1285;
1442;1285;1286;
1443;1286;1287;
1444;1287;1288;
1445;1288;1289;
1446;1289;1290;
1447;1290;1018;
1448;1018;1280;
1449;1280;1281;
1450;1281;325;
1451;325;1019;
1452;1019;1021;
1453;1021;1023;
1454;1023;1024;
1455;1234;1247;
1456;1247;1248;
1457;1248;1263;
1458;1263;1275;
1459;1275;1262;
1460;1262;1261;
1461;1261;1259;
1462;1112;1128;
1463;1128;1131;
1464;1131;1134;
1465;1134;1133;
1466;1133;1129;
1467;1129;1121;
1468;1121;1115;
1469;1115;1110;
1470;1067;1065;
1471;1065;1066;
1472;1066;1071;
1473;1071;1074;
1474;1074;1077;
1475;1077;1079;
1476;1079;1081;
1477;1081;1084;
1478;1090;1092;
1479;1092;1093;
1480;1093;1098;
1481;1098;1101;
1482;1101;1103;
1483;1103;1105;
1484;1105;1108;
1485;1108;1088;
1486;328;1611;
1487;1611;1425;
1488;1425;1291;
1489;1292;623;
1490;1293;1306;
1491;1306;1426;
1492;1424;1304;
1493;1304;1305;
1494;1305;1291;
1495;1291;1294;
1496;1294;1427;
1497;1427;1295;
1498;1295;1296;
1499;1296;1432;
1500;1432;417;
1501;417;1292;
1502;1292;1303;
1503;1303;1297;
1504;1297;329;
1505;329;1298;
1506;1298;1299;
1507;1299;1300;
1508;1300;1293;
1509;1293;1301;
1510;1301;1302;
1511;1302;1424;
1512;326;129;
1513;129;1429;
1514;139;349;
1515;349;326;
1516;509;1309;
1517;1309;1316;
1518;1316;1315;
1519;1315;1310;
1520;1310;1317;
1521;1317;1311;
1522;1311;1312;
1523;1312;1313;
1524;1313;1318;
1525;1318;1314;
1526;1318;1319;
1527;255;1323;
1528;1323;1324;
1529;1324;1387;
1530;1387;1490;
1531;1490;1325;
1532;1325;1489;
1533;1489;1326;
1534;1326;1488;
1535;1488;1487;
1536;1487;1327;
1537;1327;1486;
1538;1486;1328;
1539;1328;1329;
1540;1329;1484;
1541;1484;1330;
1542;1330;1331;
1543;1331;1332;
1544;1332;1485;
1545;1485;1333;
1546;1333;1334;
1547;1338;1491;
1548;1491;1339;
1549;1339;1492;
1550;1492;1340;
1551;1340;1341;
1552;1341;1493;
1553;1493;1494;
1554;1494;1342;
1555;1342;1343;
1556;1343;1495;
1557;1495;1344;
1558;1345;1346;
1559;1346;1347;
1560;1347;1348;
1561;1348;1349;
1562;1349;1350;
1563;1350;1351;
1564;1351;1352;
1565;1352;1353;
1566;1353;1354;
1567;1354;1355;
1568;1355;1356;
1569;1356;217;
1570;1351;1357;
1571;1357;1358;
1572;1358;1359;
1573;1359;1360;
1574;1362;1363;
1575;1363;1364;
1576;1364;1381;
1577;1381;1365;
1578;1364;1366;
1579;1366;1367;
1580;1367;1368;
1581;1368;1369;
1582;1369;1377;
1583;1377;1370;
1584;1370;1371;
1585;1371;1384;
1586;1384;1385;
1587;1385;1372;
1588;1372;1373;
1589;1373;1374;
1590;1374;1375;
1591;1375;1372;
1592;1375;1376;
1593;1376;1370;
1594;1377;1378;
1595;1378;1379;
1596;1379;1376;
1597;1363;1380;
1598;1381;1382;
1599;1382;1383;
1600;1396;1558;
1601;1558;1397;
1602;1396;1392;
1603;1392;1393;
1604;1393;1394;
1605;1394;1395;
1606;1398;1399;
1607;1399;1400;
1608;1400;1401;
1609;1401;1402;
1610;1402;1403;
1611;1403;1404;
1612;1404;1405;
1613;1405;1406;
1614;1406;1407;
1615;1407;1408;
1616;1408;1409;
1617;1409;1410;
1618;1410;1411;
1619;1411;1412;
1620;1412;1413;
1621;1407;1414;
1622;1414;1415;
1623;1415;1416;
1624;1416;1417;
1625;1417;1418;
1626;1418;1419;
1627;1419;414;
1628;311;1655;
1629;1655;1420;
1630;310;1423;
1631;1423;1420;
1632;1420;1421;
1633;1421;1422;
1634;1424;1426;
1635;1429;1295;
1636;133;134;
1637;145;144;
1638;144;143;
1639;143;142;
1640;142;141;
1641;141;140;
1642;396;399;
1643;399;397;
1644;397;1434;
1645;1434;400;
1646;400;384;
1647;384;1435;
1648;1435;1436;
1649;1436;1437;
1650;392;1442;
1651;1442;1443;
1652;1443;1444;
1653;1444;1445;
1654;1445;1446;
1655;1446;1447;
1656;1447;385;
1657;175;1475;
1658;1474;1386;
1659;1386;205;
1660;205;176;
1661;176;1465;
1662;1465;1476;
1663;1476;177;
1664;1001;1507;
1665;1507;1508;
1666;1508;1518;
1667;1518;1000;
1668;1509;1510;
1669;1510;1511;
1670;1513;1517;
1671;1517;1514;
1672;1513;1515;
1673;1515;1516;
1674;998;1564;
1675;1564;1516;
1676;998;1520;
1677;1520;1521;
1678;1521;1618;
1679;1618;1522;
1680;1522;1523;
1681;1523;1524;
1682;1524;1525;
1683;1525;1526;
1684;1526;235;
1685;1527;1528;
1686;1528;1529;
1687;1529;1397;
1688;413;1650;
1689;1650;1530;
1690;1530;1651;
1691;1651;491;
1692;491;490;
1693;490;494;
1694;494;1652;
1695;1652;1653;
1696;1653;493;
1697;493;140;
1698;1531;1532;
1699;1532;1533;
1700;1533;1534;
1701;1534;1535;
1702;1535;1536;
1703;1536;1537;
1704;1537;1538;
1705;1538;1547;
1706;1547;1539;
1707;1532;1540;
1708;1540;1541;
1709;1541;1542;
1710;1542;1543;
1711;1543;1544;
1712;1544;1545;
1713;1545;1546;
1714;1546;1547;
1715;1391;1548;
1716;1548;1549;
1717;1549;1550;
1718;1550;1551;
1719;1551;1552;
1720;1396;1391;
1721;1391;1553;
1722;1553;1554;
1723;1554;1555;
1724;1555;1556;
1725;1556;1557;
1726;1557;1654;
1727;1559;1560;
1728;1560;1391;
1729;1561;1594;
1730;1594;1562;
1731;1562;1563;
1732;1570;1571;
1733;1572;1573;
1734;1573;1578;
1735;1578;1575;
1736;1575;1574;
1737;1575;1576;
1738;1576;1577;
1739;1577;1578;
1740;1569;1579;
1741;1579;1580;
1742;1580;1581;
1743;1581;1582;
1744;1582;1583;
1745;1583;1580;
1746;1422;1588;
1747;1588;1589;
1748;1599;1600;
1749;1600;1601;
1750;1601;1610;
1751;1610;1602;
1752;1602;1603;
1753;1611;1604;
1754;1604;1605;
1755;1605;1606;
1756;1606;1607;
1757;1607;1608;
1758;1608;1609;
1759;1612;1609;
1760;1609;1610;
1761;1614;1615;
1762;565;189;
1763;189;193;
1764;193;192;
1765;192;999;
1766;999;234;
1767;234;257;
1768;257;998;
1769;998;996;
1770;996;235;
1771;1004;567;
1772;567;569;
1773;569;568;
1774;568;561;
1775;561;566;
1776;566;559;
1777;559;570;
1778;570;1519;
1779;1519;564;
1780;564;560;
1781;560;562;
1782;562;563;
1783;563;565;
1784;1618;1619;
1785;1619;1620;
1786;1620;1621;
1787;1621;1622;
1788;1622;1623;
1789;1623;1624;
1790;1624;1625;
1791;1625;1626;
1792;1626;1627;
1793;1627;1628;
1794;1628;1629;
1795;262;1634;
1796;1634;1635;
1797;1635;1636;
1798;1636;1637;
1799;1637;1638;
1800;1638;1639;
1801;1639;1640;
1802;1640;1641;
1803;1641;1642;
1804;1642;1643;
1805;167;625;
1806;625;62;
1807;62;622;
1808;622;63;
1809;63;64;
1810;64;93;
1811;362;1644;
1812;1644;1645;
1813;1645;1646;
1814;1646;1647;
1815;1665;1664;
1816;1664;1663;
1817;1663;1657;
1818;1657;651;
1819;651;1659;
1820;1659;1660;
1821;1660;1658;
