1;4;974;
2;974;2;
3;2;166;
4;166;1388;
5;54;1347;
6;1347;1344;
7;1344;1341;
8;1341;1340;
9;1340;24;
10;57;1309;
11;1309;118;
12;118;1305;
13;1305;1303;
14;1303;1300;
15;1300;23;
16;23;1296;
17;1296;119;
18;119;1292;
19;1292;22;
20;22;1290;
21;1290;120;
22;120;1293;
23;1293;21;
24;21;1297;
25;1297;1298;
26;1298;121;
27;121;1304;
28;1304;1306;
29;1306;20;
30;20;1307;
31;1307;1308;
32;1308;122;
33;122;1310;
34;1310;19;
35;19;123;
36;123;1314;
37;1314;1315;
38;1315;1316;
39;1316;18;
40;18;124;
41;124;17;
42;17;1320;
43;1320;1319;
44;1319;1318;
45;1318;125;
46;35;1301;
47;1301;1299;
48;1299;36;
49;36;1294;
50;1294;129;
51;129;1289;
52;1289;1287;
53;1287;130;
54;130;1285;
55;1285;37;
56;37;1283;
57;1283;127;
58;127;1281;
59;1281;38;
60;38;1278;
61;1278;128;
62;128;1279;
63;1279;1280;
64;1280;39;
65;39;1282;
66;1282;126;
67;126;1284;
68;1284;40;
69;40;1286;
70;1286;48;
71;1032;1030;
72;1030;30;
73;30;31;
74;31;1031;
75;1031;1311;
76;1311;1312;
77;1312;32;
78;32;1317;
79;1317;1321;
80;1321;1324;
81;1324;33;
82;33;1327;
83;1327;34;
84;34;52;
85;197;199;
86;199;198;
87;198;296;
88;296;994;
89;7;9;
90;9;2397;
91;2397;11;
92;11;987;
93;987;13;
94;13;2398;
95;2398;15;
96;15;979;
97;979;150;
98;151;976;
99;976;16;
100;16;2399;
101;2399;14;
102;14;984;
103;984;1025;
104;1025;12;
105;12;10;
106;10;8;
107;155;154;
108;154;2404;
109;2404;153;
110;153;152;
111;152;2403;
112;2403;991;
113;991;171;
114;168;2400;
115;2400;989;
116;989;156;
117;156;157;
118;157;2194;
119;2194;158;
120;158;2193;
121;245;159;
122;159;160;
123;160;980;
124;980;2406;
125;2406;169;
126;170;2405;
127;2405;161;
128;161;162;
129;162;163;
130;163;977;
131;977;164;
132;148;168;
133;168;988;
134;988;985;
135;985;982;
136;982;169;
137;169;149;
138;149;2401;
139;2401;963;
140;149;170;
141;170;983;
142;983;986;
143;986;990;
144;990;171;
145;171;148;
146;169;170;
147;171;168;
148;152;172;
149;172;173;
150;173;174;
151;174;175;
152;175;176;
153;176;161;
154;160;177;
155;177;178;
156;178;179;
157;179;180;
158;180;156;
159;193;1119;
160;1119;1121;
161;1121;196;
162;196;698;
163;698;190;
164;190;696;
165;696;1130;
166;1130;183;
167;183;195;
168;181;189;
169;202;321;
170;202;203;
171;203;2006;
172;2006;2003;
173;2003;2004;
174;2004;204;
175;204;2005;
176;2005;1997;
177;1997;325;
178;325;1996;
179;1996;373;
180;373;633;
181;633;1048;
182;1048;200;
183;206;1700;
184;1700;1658;
185;1658;1639;
186;1639;879;
187;879;1585;
188;1585;1581;
189;1581;205;
190;205;857;
191;857;1504;
192;1504;881;
193;881;1491;
194;1491;315;
195;315;210;
196;210;209;
197;209;1114;
198;1114;1431;
199;1431;1430;
200;1430;1399;
201;1399;258;
202;211;212;
203;244;554;
204;554;536;
205;536;2385;
206;2385;537;
207;537;538;
208;538;539;
209;539;542;
210;542;540;
211;540;541;
212;541;552;
213;552;214;
214;212;1003;
215;1003;213;
216;144;956;
217;956;218;
218;218;219;
219;219;2318;
220;2318;220;
221;220;2315;
222;2315;961;
223;961;221;
224;221;2313;
225;2313;2314;
226;2314;222;
227;222;375;
228;375;223;
229;223;1083;
230;1083;376;
231;376;962;
232;147;224;
233;224;227;
234;227;891;
235;891;890;
236;890;228;
237;228;225;
238;225;893;
239;893;226;
240;226;892;
241;892;1079;
242;97;98;
243;125;89;
244;89;35;
245;244;233;
246;233;1378;
247;1378;167;
248;167;165;
249;167;240;
250;240;231;
251;231;232;
252;232;233;
253;234;235;
254;235;291;
255;291;236;
256;236;2320;
257;2320;237;
258;237;238;
259;238;1903;
260;1903;239;
261;239;273;
262;273;811;
263;811;1090;
264;1090;231;
265;241;257;
266;257;242;
267;242;588;
268;588;410;
269;410;243;
270;243;411;
271;411;589;
272;589;234;
273;215;2187;
274;2187;216;
275;216;2186;
276;2186;472;
277;472;818;
278;818;2355;
279;2355;211;
280;291;585;
281;585;586;
282;586;587;
283;587;649;
284;273;797;
285;797;796;
286;796;274;
287;274;2104;
288;2104;275;
289;275;276;
290;276;277;
291;277;259;
292;551;1753;
293;1753;1006;
294;1006;713;
295;713;264;
296;259;265;
297;265;673;
298;673;688;
299;688;266;
300;266;674;
301;674;648;
302;648;2264;
303;2264;267;
304;267;2265;
305;2265;268;
306;268;269;
307;269;270;
308;270;2129;
309;2129;271;
310;271;660;
311;660;272;
312;234;278;
313;278;2225;
314;2225;2392;
315;2392;279;
316;279;280;
317;280;272;
318;272;281;
319;281;287;
320;287;409;
321;409;2138;
322;2138;288;
323;258;1005;
324;1005;714;
325;714;264;
326;246;167;
327;75;1013;
328;1013;1011;
329;1011;1715;
330;1715;522;
331;522;1012;
332;1012;512;
333;512;282;
334;282;1073;
335;1073;752;
336;752;1473;
337;1473;753;
338;753;1394;
339;1394;2148;
340;2148;949;
341;949;950;
342;950;442;
343;286;284;
344;86;1019;
345;1019;1018;
346;1018;1017;
347;1017;564;
348;564;563;
349;563;290;
350;206;293;
351;294;297;
352;297;295;
353;295;356;
354;356;362;
355;362;296;
356;284;1020;
357;1020;298;
358;298;1848;
359;1848;332;
360;284;302;
361;302;303;
362;303;620;
363;620;646;
364;646;304;
365;304;305;
366;305;306;
367;306;636;
368;310;2002;
369;2002;311;
370;311;2001;
371;2001;1998;
372;1998;1999;
373;1999;2000;
374;2000;312;
375;312;313;
376;1109;868;
377;868;866;
378;866;873;
379;873;1007;
380;1007;859;
381;859;853;
382;853;1754;
383;1754;876;
384;876;1117;
385;1117;1118;
386;1118;315;
387;202;2007;
388;2007;310;
389;321;322;
390;322;2008;
391;2008;323;
392;323;2009;
393;2009;324;
394;1133;367;
395;367;328;
396;328;1134;
397;1134;330;
398;330;329;
399;1136;331;
400;331;388;
401;332;333;
402;333;636;
403;743;1846;
404;1846;1847;
405;1847;1975;
406;1975;742;
407;742;334;
408;334;1974;
409;1974;332;
410;1970;448;
411;448;335;
412;335;638;
413;638;640;
414;640;336;
415;336;636;
416;1970;1977;
417;1977;299;
418;1979;1978;
419;337;1980;
420;1980;338;
421;296;339;
422;339;340;
423;993;340;
424;340;2038;
425;2038;341;
426;339;342;
427;342;343;
428;343;344;
429;344;632;
430;632;345;
431;345;928;
432;928;346;
433;346;347;
434;347;348;
435;348;349;
436;349;197;
437;350;462;
438;462;352;
439;352;353;
440;353;605;
441;605;354;
442;354;355;
443;355;356;
444;361;360;
445;360;359;
446;351;610;
447;610;611;
448;611;607;
449;607;608;
450;608;619;
451;619;618;
452;618;364;
453;364;363;
454;363;362;
455;368;369;
456;369;370;
457;370;697;
458;697;371;
459;371;372;
460;377;1851;
461;1851;1850;
462;1850;378;
463;378;379;
464;379;380;
465;380;381;
466;381;382;
467;382;383;
468;383;384;
469;384;385;
470;385;2331;
471;2331;386;
472;386;2334;
473;2334;2333;
474;2333;387;
475;387;744;
476;744;2332;
477;2332;962;
478;636;603;
479;603;602;
480;602;307;
481;307;329;
482;329;368;
483;368;308;
484;308;389;
485;321;486;
486;486;201;
487;201;1034;
488;390;636;
489;391;1814;
490;1814;402;
491;402;392;
492;392;2063;
493;2063;1955;
494;1955;393;
495;393;1956;
496;1956;394;
497;394;1957;
498;1957;395;
499;395;1958;
500;1958;1959;
501;1959;396;
502;396;397;
503;397;2199;
504;2199;1960;
505;1960;1961;
506;1961;401;
507;401;1963;
508;1963;1962;
509;1962;398;
510;398;1964;
511;1964;399;
512;399;1965;
513;1965;1782;
514;1782;463;
515;463;630;
516;630;2200;
517;2200;1967;
518;1967;1966;
519;1966;1968;
520;1968;400;
521;1258;404;
522;404;705;
523;705;1768;
524;1768;391;
525;288;470;
526;470;2140;
527;2140;911;
528;911;413;
529;413;414;
530;414;665;
531;665;415;
532;415;471;
533;471;604;
534;409;2081;
535;2081;668;
536;668;682;
537;682;318;
538;318;2088;
539;2088;677;
540;677;2080;
541;2080;317;
542;317;918;
543;473;474;
544;474;418;
545;418;475;
546;475;419;
547;419;787;
548;787;424;
549;417;430;
550;430;431;
551;431;2281;
552;2281;2280;
553;2280;432;
554;432;2279;
555;2279;433;
556;433;2278;
557;2278;434;
558;434;435;
559;247;438;
560;438;439;
561;439;412;
562;585;591;
563;591;800;
564;800;411;
565;411;439;
566;1262;1266;
567;1266;43;
568;43;1267;
569;1267;45;
570;45;1268;
571;1268;1270;
572;1270;46;
573;443;2149;
574;2149;951;
575;951;442;
576;215;444;
577;444;2262;
578;2262;445;
579;445;929;
580;929;446;
581;446;447;
582;447;443;
583;444;216;
584;336;1972;
585;1972;1973;
586;1973;449;
587;449;450;
588;450;1971;
589;1971;639;
590;639;448;
591;451;452;
592;452;338;
593;338;1981;
594;453;2043;
595;2043;2042;
596;2042;454;
597;454;455;
598;455;1976;
599;1976;637;
600;637;634;
601;634;1791;
602;1791;635;
603;635;1789;
604;1789;1790;
605;408;2198;
606;2198;461;
607;461;565;
608;565;1377;
609;1377;2061;
610;2061;1986;
611;470;469;
612;471;476;
613;146;477;
614;477;952;
615;952;443;
616;477;2191;
617;2191;2192;
618;2192;478;
619;478;2190;
620;2190;479;
621;483;484;
622;484;331;
623;79;487;
624;487;488;
625;488;964;
626;964;489;
627;489;965;
628;965;490;
629;490;966;
630;966;491;
631;491;967;
632;967;492;
633;492;493;
634;493;1725;
635;1725;497;
636;498;499;
637;500;501;
638;493;494;
639;494;498;
640;498;495;
641;495;502;
642;502;503;
643;503;504;
644;504;505;
645;505;506;
646;506;507;
647;507;2143;
648;2143;508;
649;508;2144;
650;2144;509;
651;509;2145;
652;2145;510;
653;510;513;
654;513;511;
655;511;512;
656;513;514;
657;515;835;
658;835;763;
659;763;516;
660;516;748;
661;748;777;
662;777;776;
663;776;757;
664;757;781;
665;73;518;
666;518;516;
667;518;998;
668;998;517;
669;519;520;
670;520;521;
671;521;2142;
672;2142;522;
673;527;224;
674;224;1080;
675;1080;1081;
676;1081;523;
677;444;535;
678;535;2409;
679;2409;534;
680;534;533;
681;533;532;
682;532;531;
683;531;530;
684;530;529;
685;244;1091;
686;1091;555;
687;555;556;
688;556;557;
689;557;558;
690;558;707;
691;707;708;
692;708;709;
693;709;711;
694;711;1871;
695;1871;710;
696;559;560;
697;560;561;
698;561;562;
699;561;563;
700;560;564;
701;591;592;
702;593;592;
703;592;799;
704;799;589;
705;594;595;
706;595;206;
707;107;1009;
708;1009;75;
709;75;596;
710;596;597;
711;597;108;
712;469;1138;
713;1138;598;
714;598;1139;
715;1139;894;
716;476;599;
717;599;1453;
718;1453;600;
719;542;1886;
720;1886;543;
721;543;2185;
722;2185;544;
723;544;2251;
724;2251;2260;
725;2260;545;
726;545;2261;
727;2261;546;
728;546;547;
729;547;1459;
730;1459;548;
731;548;549;
732;420;421;
733;421;422;
734;422;1767;
735;1767;2424;
736;2424;2425;
737;2425;217;
738;1931;684;
739;684;1932;
740;1932;675;
741;675;678;
742;678;1942;
743;1942;657;
744;657;1944;
745;1944;1933;
746;1933;604;
747;604;1934;
748;1934;1935;
749;1935;654;
750;654;1943;
751;1943;651;
752;651;664;
753;664;686;
754;142;848;
755;848;359;
756;359;114;
757;350;351;
758;351;606;
759;619;615;
760;615;617;
761;617;612;
762;612;613;
763;613;614;
764;614;616;
765;616;354;
766;364;365;
767;365;366;
768;628;622;
769;622;624;
770;624;629;
771;629;625;
772;625;623;
773;623;627;
774;646;641;
775;641;647;
776;647;2338;
777;2338;644;
778;644;645;
779;645;642;
780;642;643;
781;643;629;
782;1084;1376;
783;1376;1946;
784;1946;1375;
785;1375;1374;
786;1374;429;
787;429;428;
788;428;427;
789;427;1947;
790;1947;426;
791;426;1945;
792;1945;425;
793;425;230;
794;230;424;
795;424;420;
796;420;423;
797;423;1948;
798;671;669;
799;669;693;
800;693;679;
801;679;662;
802;662;652;
803;652;667;
804;667;1907;
805;1907;237;
806;655;695;
807;695;656;
808;656;659;
809;659;691;
810;691;650;
811;650;692;
812;692;806;
813;806;811;
814;688;685;
815;661;671;
816;671;672;
817;672;653;
818;653;658;
819;658;670;
820;670;681;
821;681;666;
822;666;655;
823;655;683;
824;683;676;
825;676;689;
826;689;680;
827;680;1905;
828;1905;273;
829;332;453;
830;453;1970;
831;705;2201;
832;2201;2064;
833;2064;2066;
834;2066;2065;
835;2065;2069;
836;2069;703;
837;703;2067;
838;2067;2068;
839;2068;704;
840;704;1994;
841;1994;701;
842;701;1995;
843;1995;706;
844;706;702;
845;702;1199;
846;1920;2184;
847;2184;214;
848;484;485;
849;485;486;
850;722;717;
851;717;735;
852;735;740;
853;740;723;
854;723;731;
855;731;718;
856;718;722;
857;722;730;
858;730;738;
859;738;719;
860;719;1227;
861;1227;1230;
862;716;739;
863;739;1231;
864;1231;734;
865;734;721;
866;721;736;
867;729;1251;
868;1251;1245;
869;1245;1239;
870;1228;1222;
871;1222;732;
872;732;728;
873;728;725;
874;725;726;
875;726;724;
876;724;737;
877;737;733;
878;733;727;
879;727;720;
880;720;728;
881;69;377;
882;377;517;
883;517;515;
884;515;2292;
885;2292;1064;
886;1064;143;
887;143;959;
888;959;960;
889;960;144;
890;114;69;
891;114;115;
892;115;116;
893;116;117;
894;757;784;
895;784;773;
896;751;1070;
897;1070;1072;
898;1072;754;
899;754;748;
900;771;1069;
901;1069;769;
902;769;765;
903;765;770;
904;770;773;
905;773;1071;
906;1071;756;
907;769;750;
908;750;779;
909;779;1060;
910;753;1055;
911;1055;766;
912;766;1060;
913;1060;774;
914;774;761;
915;761;782;
916;782;771;
917;776;775;
918;775;765;
919;768;762;
920;762;751;
921;751;747;
922;770;780;
923;780;772;
924;772;766;
925;777;747;
926;747;1069;
927;760;746;
928;746;762;
929;762;767;
930;767;764;
931;282;781;
932;781;756;
933;756;1073;
934;786;785;
935;785;749;
936;274;804;
937;804;789;
938;789;790;
939;789;791;
940;791;792;
941;792;793;
942;793;794;
943;794;795;
944;795;792;
945;799;800;
946;800;798;
947;495;500;
948;500;496;
949;496;973;
950;973;1711;
951;1711;1714;
952;1714;1715;
953;801;802;
954;809;807;
955;536;832;
956;832;819;
957;819;820;
958;820;821;
959;821;813;
960;813;834;
961;834;2368;
962;2368;823;
963;823;825;
964;825;833;
965;833;824;
966;824;826;
967;826;816;
968;816;830;
969;830;828;
970;828;827;
971;818;815;
972;815;829;
973;829;831;
974;831;822;
975;822;1908;
976;1908;1909;
977;1909;814;
978;814;1910;
979;1910;817;
980;817;1911;
981;1911;1912;
982;1912;1913;
983;1913;1910;
984;835;838;
985;838;836;
986;836;2414;
987;2414;837;
988;837;2417;
989;2417;2412;
990;2412;2411;
991;2411;839;
992;842;844;
993;844;840;
994;840;849;
995;849;366;
996;366;848;
997;801;803;
998;864;858;
999;858;870;
1000;870;872;
1001;872;862;
1002;862;874;
1003;874;869;
1004;869;871;
1005;871;1141;
1006;1141;866;
1007;873;861;
1008;861;867;
1009;867;864;
1010;864;860;
1011;860;1149;
1012;1149;859;
1013;857;855;
1014;855;865;
1015;1766;852;
1016;852;863;
1017;863;856;
1018;856;1486;
1019;1486;853;
1020;854;1140;
1021;1140;868;
1022;880;1119;
1023;1119;1120;
1024;1120;879;
1025;880;878;
1026;878;882;
1027;882;877;
1028;877;875;
1029;875;880;
1030;195;883;
1031;884;886;
1032;886;887;
1033;847;846;
1034;889;511;
1035;894;899;
1036;899;898;
1037;898;895;
1038;895;896;
1039;896;599;
1040;599;897;
1041;897;894;
1042;899;907;
1043;907;908;
1044;908;906;
1045;906;909;
1046;909;905;
1047;905;904;
1048;904;902;
1049;902;900;
1050;900;903;
1051;903;901;
1052;901;898;
1053;1447;1448;
1054;1448;1449;
1055;1449;910;
1056;910;2089;
1057;2089;911;
1058;2089;1450;
1059;1450;2083;
1060;2083;2082;
1061;925;1219;
1062;1219;292;
1063;206;83;
1064;83;1259;
1065;456;457;
1066;457;1077;
1067;1077;1076;
1068;1076;1949;
1069;1949;458;
1070;458;1950;
1071;1950;459;
1072;459;1075;
1073;1075;2070;
1074;2070;460;
1075;460;1952;
1076;1952;1951;
1077;1951;1953;
1078;1953;405;
1079;405;406;
1080;406;407;
1081;407;1954;
1082;1954;408;
1083;408;403;
1084;631;745;
1085;745;131;
1086;131;132;
1087;132;1992;
1088;1992;1991;
1089;1991;133;
1090;133;1769;
1091;1769;134;
1092;134;135;
1093;135;741;
1094;741;136;
1095;136;137;
1096;137;1927;
1097;1927;1026;
1098;1026;138;
1099;138;139;
1100;139;140;
1101;140;582;
1102;582;141;
1103;141;926;
1104;926;94;
1105;94;95;
1106;95;700;
1107;700;96;
1108;96;29;
1109;29;1291;
1110;1291;1295;
1111;1295;1032;
1112;1032;992;
1113;992;97;
1114;35;90;
1115;90;91;
1116;91;1022;
1117;1022;1085;
1118;1085;92;
1119;92;440;
1120;440;441;
1121;441;93;
1122;93;590;
1123;1259;84;
1124;84;924;
1125;924;85;
1126;85;286;
1127;1348;53;
1128;53;1351;
1129;1351;1353;
1130;1353;1354;
1131;1354;1356;
1132;1356;1358;
1133;1358;1360;
1134;1360;1362;
1135;46;1272;
1136;1272;47;
1137;481;2188;
1138;2188;929;
1139;278;931;
1140;931;932;
1141;936;937;
1142;937;938;
1143;938;280;
1144;932;933;
1145;933;934;
1146;934;935;
1147;935;936;
1148;936;932;
1149;939;947;
1150;947;940;
1151;940;941;
1152;941;942;
1153;942;943;
1154;943;944;
1155;944;945;
1156;945;946;
1157;947;948;
1158;443;1008;
1159;1008;954;
1160;954;464;
1161;464;953;
1162;953;465;
1163;465;2158;
1164;2158;466;
1165;466;467;
1166;467;957;
1167;957;955;
1168;955;144;
1169;969;970;
1170;970;971;
1171;971;972;
1172;972;964;
1173;389;309;
1174;309;310;
1175;846;851;
1176;851;843;
1177;843;887;
1178;996;841;
1179;841;357;
1180;357;609;
1181;609;358;
1182;358;359;
1183;994;142;
1184;995;850;
1185;850;996;
1186;998;1074;
1187;1074;997;
1188;1003;1000;
1189;1002;1000;
1190;1000;1001;
1191;1001;1004;
1192;1004;999;
1193;144;958;
1194;958;145;
1195;145;146;
1196;146;147;
1197;147;2402;
1198;2402;148;
1199;442;1471;
1200;1471;529;
1201;529;1023;
1202;1023;553;
1203;292;286;
1204;293;1256;
1205;1256;1126;
1206;1126;729;
1207;1029;1033;
1208;1033;1037;
1209;1037;1045;
1210;1045;1046;
1211;1046;1028;
1212;1028;1036;
1213;1043;1041;
1214;1041;1034;
1215;1034;1260;
1216;1260;207;
1217;887;885;
1218;81;1047;
1219;1047;1035;
1220;1035;1044;
1221;1044;1042;
1222;1045;801;
1223;1027;283;
1224;1056;1060;
1225;754;778;
1226;778;783;
1227;1069;755;
1228;755;759;
1229;759;774;
1230;1051;1056;
1231;1056;1061;
1232;1061;1065;
1233;1065;1067;
1234;1067;1068;
1235;1068;1066;
1236;1066;1063;
1237;1063;1054;
1238;1064;1062;
1239;1062;1059;
1240;1059;1058;
1241;1058;1057;
1242;1057;1053;
1243;1053;2182;
1244;2182;839;
1245;839;2181;
1246;2181;1052;
1247;1052;2420;
1248;2420;2419;
1249;2419;2177;
1250;2177;1050;
1251;1050;2180;
1252;2180;2423;
1253;2423;1049;
1254;1049;2146;
1255;2146;1051;
1256;1051;1055;
1257;771;764;
1258;764;758;
1259;758;768;
1260;768;749;
1261;749;760;
1262;760;783;
1263;783;763;
1264;288;1106;
1265;1106;314;
1266;314;1111;
1267;1111;1379;
1268;1379;1143;
1269;1143;289;
1270;289;292;
1271;403;580;
1272;580;2196;
1273;2196;2057;
1274;2057;2197;
1275;2197;2058;
1276;2058;581;
1277;581;2059;
1278;2059;2060;
1279;2060;2056;
1280;2056;565;
1281;565;566;
1282;566;567;
1283;567;568;
1284;568;1987;
1285;1987;1078;
1286;1078;569;
1287;569;570;
1288;570;1988;
1289;1988;1990;
1290;1990;2071;
1291;2071;571;
1292;571;2072;
1293;2072;1989;
1294;1989;572;
1295;572;573;
1296;573;2073;
1297;2073;574;
1298;574;2074;
1299;2074;2062;
1300;2062;575;
1301;575;576;
1302;576;577;
1303;577;2075;
1304;2075;2076;
1305;2076;578;
1306;578;715;
1307;715;579;
1308;579;1849;
1309;1849;2079;
1310;391;1993;
1311;1993;403;
1312;524;1082;
1313;1082;525;
1314;525;523;
1315;523;526;
1316;1456;1246;
1317;1246;1122;
1318;1122;1244;
1319;1244;925;
1320;1086;1129;
1321;1129;1132;
1322;1132;1131;
1323;1131;1128;
1324;1128;1127;
1325;1127;1125;
1326;1125;1123;
1327;1123;1120;
1328;1120;1087;
1329;1087;1118;
1330;1118;1116;
1331;1116;1115;
1332;1115;1113;
1333;1113;1112;
1334;1112;1108;
1335;1108;1105;
1336;1105;1104;
1337;1104;1103;
1338;1103;1102;
1339;1102;1101;
1340;189;192;
1341;192;188;
1342;188;187;
1343;187;186;
1344;186;185;
1345;185;194;
1346;194;184;
1347;184;699;
1348;699;191;
1349;191;1117;
1350;1117;193;
1351;182;181;
1352;1121;1123;
1353;1101;1088;
1354;1124;1086;
1355;1088;1089;
1356;1106;1107;
1357;1107;1109;
1358;1111;1110;
1359;1110;1109;
1360;1133;101;
1361;327;1133;
1362;330;1137;
1363;1137;1136;
1364;1136;1135;
1365;1135;1134;
1366;276;1097;
1367;1097;1098;
1368;1098;2105;
1369;2105;1094;
1370;1094;1096;
1371;555;1092;
1372;1092;1093;
1373;1093;1095;
1374;1095;805;
1375;805;1099;
1376;1099;1100;
1377;1228;1225;
1378;1225;1226;
1379;1226;1230;
1380;1230;1233;
1381;1233;1237;
1382;1237;1239;
1383;1239;1240;
1384;1240;1238;
1385;1238;716;
1386;716;1232;
1387;1232;1228;
1388;1237;1248;
1389;1248;1253;
1390;113;114;
1391;1252;69;
1392;1206;1016;
1393;1016;68;
1394;68;374;
1395;374;1252;
1396;1219;1208;
1397;1208;1205;
1398;1205;1179;
1399;1179;1162;
1400;1162;1157;
1401;1157;1156;
1402;1156;1155;
1403;1155;1154;
1404;1154;1145;
1405;1145;1144;
1406;1144;1142;
1407;1229;1223;
1408;1212;1217;
1409;1186;1180;
1410;1179;1184;
1411;1241;1244;
1412;1178;1172;
1413;1172;1164;
1414;1254;1250;
1415;1250;1246;
1416;1144;1153;
1417;1153;1154;
1418;1224;1220;
1419;1220;1216;
1420;1256;1257;
1421;1257;1255;
1422;1214;1213;
1423;1213;1205;
1424;1168;1177;
1425;1177;1187;
1426;1208;1215;
1427;1215;1214;
1428;1214;1218;
1429;1217;1218;
1430;1218;1234;
1431;1234;1241;
1432;1212;1210;
1433;1210;1204;
1434;1204;1203;
1435;1241;1236;
1436;1236;1221;
1437;1221;1217;
1438;1204;1207;
1439;1207;1224;
1440;1224;1229;
1441;1229;1242;
1442;1202;1203;
1443;1203;1209;
1444;1209;1211;
1445;1211;1212;
1446;1176;1182;
1447;1182;1194;
1448;1194;1200;
1449;1200;1202;
1450;1202;1201;
1451;1201;1195;
1452;1195;1181;
1453;1181;1175;
1454;1245;1247;
1455;1247;1249;
1456;1249;1243;
1457;1243;1235;
1458;1235;1231;
1459;1153;1158;
1460;1158;1161;
1461;1161;1168;
1462;1168;1170;
1463;1170;1155;
1464;1184;1189;
1465;1189;1197;
1466;1197;1196;
1467;1196;1192;
1468;1192;1183;
1469;1183;1184;
1470;1162;1164;
1471;1164;1165;
1472;1165;1159;
1473;1159;1160;
1474;1160;1163;
1475;1143;1146;
1476;1146;1147;
1477;1147;1148;
1478;1148;1150;
1479;1150;1151;
1480;1151;1152;
1481;1171;1174;
1482;1174;1176;
1483;1176;1175;
1484;1175;1173;
1485;1173;1169;
1486;1169;1166;
1487;1166;1167;
1488;1167;1171;
1489;1207;1198;
1490;1198;1193;
1491;1193;1190;
1492;1190;1186;
1493;1186;1185;
1494;1185;1188;
1495;1188;1191;
1496;1191;1204;
1497;41;1261;
1498;1261;1262;
1499;1263;42;
1500;1274;60;
1501;1326;1323;
1502;1323;57;
1503;60;1273;
1504;1273;61;
1505;1350;1349;
1506;1349;54;
1507;59;1277;
1508;1277;1274;
1509;57;58;
1510;58;1288;
1511;1288;59;
1512;47;1275;
1513;1275;1276;
1514;1276;48;
1515;52;1342;
1516;1342;1345;
1517;1345;1348;
1518;1335;51;
1519;51;229;
1520;229;52;
1521;54;1346;
1522;1346;1343;
1523;1343;55;
1524;55;1339;
1525;1339;56;
1526;56;1338;
1527;1338;1334;
1528;1334;1329;
1529;1329;1326;
1530;61;1271;
1531;1271;1269;
1532;1269;62;
1533;62;1265;
1534;1265;44;
1535;44;1264;
1536;1264;1263;
1537;48;1302;
1538;1302;49;
1539;49;1313;
1540;1313;1322;
1541;1322;1325;
1542;1325;50;
1543;50;1332;
1544;1332;1335;
1545;24;1040;
1546;1040;1337;
1547;1337;1336;
1548;1336;25;
1549;25;1333;
1550;1333;26;
1551;26;1331;
1552;1331;1330;
1553;1330;1038;
1554;1038;1328;
1555;1328;27;
1556;27;28;
1557;67;1373;
1558;1373;1372;
1559;1372;1371;
1560;1371;1370;
1561;1370;66;
1562;66;1369;
1563;1369;1368;
1564;1368;65;
1565;65;1367;
1566;1367;1366;
1567;1366;1365;
1568;1365;1364;
1569;1364;1363;
1570;1363;64;
1571;64;1361;
1572;1361;1359;
1573;1359;1357;
1574;1357;1355;
1575;1355;63;
1576;63;1352;
1577;1352;1350;
1578;232;2407;
1579;2407;1378;
1580;930;1380;
1581;1380;1381;
1582;1381;1382;
1583;1382;1383;
1584;1383;1384;
1585;1384;1385;
1586;1385;1386;
1587;1386;1387;
1588;1397;1413;
1589;1413;1412;
1590;1412;1398;
1591;1398;1389;
1592;1389;1392;
1593;1392;1391;
1594;1391;1393;
1595;1393;1395;
1596;1395;1407;
1597;1407;1399;
1598;1407;1402;
1599;1402;1404;
1600;1404;1411;
1601;1411;1410;
1602;1410;1429;
1603;1429;1428;
1604;1428;1425;
1605;1425;1424;
1606;1424;1423;
1607;1423;1422;
1608;1422;1403;
1609;1403;1421;
1610;1421;1426;
1611;1426;1427;
1612;1427;1400;
1613;1396;1401;
1614;1401;1408;
1615;1408;1406;
1616;1406;1409;
1617;1409;1405;
1618;1405;1400;
1619;1403;1420;
1620;1420;1419;
1621;1419;1418;
1622;1418;1417;
1623;1417;1416;
1624;1416;1414;
1625;1414;1415;
1626;1430;1437;
1627;1437;1438;
1628;1438;1407;
1629;1431;1432;
1630;1432;1433;
1631;1433;1434;
1632;1434;1435;
1633;1435;1436;
1634;1455;1453;
1635;1453;1452;
1636;1454;600;
1637;600;1451;
1638;1445;2091;
1639;2091;1446;
1640;1444;1443;
1641;1443;1441;
1642;1441;1439;
1643;1439;1440;
1644;1440;1442;
1645;729;1253;
1646;1253;1456;
1647;69;70;
1648;70;71;
1649;71;72;
1650;72;73;
1651;73;519;
1652;519;845;
1653;845;1039;
1654;1039;1014;
1655;1014;74;
1656;74;75;
1657;75;1010;
1658;1010;76;
1659;76;77;
1660;77;78;
1661;78;79;
1662;79;80;
1663;80;81;
1664;81;1724;
1665;1724;207;
1666;207;82;
1667;82;206;
1668;98;28;
1669;28;99;
1670;99;283;
1671;283;1818;
1672;1818;1815;
1673;1815;284;
1674;284;285;
1675;285;100;
1676;100;626;
1677;626;628;
1678;628;627;
1679;627;621;
1680;621;390;
1681;390;927;
1682;927;1458;
1683;1458;327;
1684;327;101;
1685;101;594;
1686;594;1043;
1687;1043;201;
1688;201;1042;
1689;1042;2108;
1690;2108;2116;
1691;2116;102;
1692;102;1029;
1693;1029;103;
1694;103;1036;
1695;1036;104;
1696;104;105;
1697;105;106;
1698;106;1457;
1699;1457;107;
1700;107;108;
1701;108;1015;
1702;1015;888;
1703;888;884;
1704;884;885;
1705;885;109;
1706;109;110;
1707;110;361;
1708;361;111;
1709;111;112;
1710;112;113;
1711;1923;712;
1712;1740;1461;
1713;1461;1462;
1714;1462;1922;
1715;1922;1924;
1716;1924;1925;
1717;1925;551;
1718;1522;1524;
1719;1524;1531;
1720;1531;1533;
1721;1533;1514;
1722;1514;1510;
1723;1510;1483;
1724;1483;1481;
1725;1481;1478;
1726;1478;1475;
1727;1614;1641;
1728;1641;1648;
1729;1648;1650;
1730;1650;1651;
1731;1651;1649;
1732;1649;1647;
1733;1647;1645;
1734;1645;1642;
1735;1642;1637;
1736;1637;1635;
1737;1635;1634;
1738;1634;1608;
1739;1634;1621;
1740;1558;1568;
1741;1637;1646;
1742;1562;1560;
1743;1494;1499;
1744;1603;1601;
1745;1660;1661;
1746;1608;1619;
1747;1539;1523;
1748;1571;1570;
1749;1725;968;
1750;1663;1658;
1751;1613;1609;
1752;1716;1720;
1753;1660;1659;
1754;1520;1538;
1755;1474;1482;
1756;1645;1679;
1757;1540;1542;
1758;1483;1485;
1759;1566;1572;
1760;1400;1472;
1761;1503;1496;
1762;1547;1527;
1763;509;1632;
1764;1394;1396;
1765;1529;1551;
1766;1549;1564;
1767;1584;1596;
1768;1525;1544;
1769;1499;1505;
1770;1684;1683;
1771;1641;1638;
1772;1532;1545;
1773;1557;1555;
1774;1477;1489;
1775;1509;1524;
1776;1499;1506;
1777;1617;1620;
1778;1577;1590;
1779;1590;1624;
1780;1624;1631;
1781;1631;1660;
1782;1660;1671;
1783;1671;1675;
1784;1675;1687;
1785;1687;1692;
1786;1692;1699;
1787;1699;1703;
1788;1703;1702;
1789;1702;1698;
1790;1698;1689;
1791;1689;1685;
1792;1685;1669;
1793;1669;1659;
1794;1659;1633;
1795;1633;1630;
1796;1630;1595;
1797;1595;1580;
1798;1656;1668;
1799;1668;1681;
1800;1679;1674;
1801;1674;1642;
1802;1543;1559;
1803;1559;1567;
1804;1665;1663;
1805;1663;1655;
1806;1608;1600;
1807;1600;1596;
1808;882;1599;
1809;1599;1576;
1810;1681;1682;
1811;1682;1668;
1812;1534;1532;
1813;1532;1530;
1814;1679;1680;
1815;1680;1690;
1816;1479;1480;
1817;1480;1481;
1818;1475;1476;
1819;1476;1484;
1820;1496;1493;
1821;1493;1489;
1822;1396;1390;
1823;1390;1397;
1824;1511;1507;
1825;1507;1504;
1826;1475;1474;
1827;1474;1473;
1828;1489;1488;
1829;1488;315;
1830;1575;1565;
1831;1565;1553;
1832;1657;1644;
1833;1644;1643;
1834;1625;1562;
1835;1562;1519;
1836;1519;1521;
1837;1545;1537;
1838;1537;1528;
1839;1528;1530;
1840;1614;1612;
1841;1612;1607;
1842;1607;1605;
1843;1521;1526;
1844;1526;1570;
1845;1570;1603;
1846;1603;1627;
1847;1627;1626;
1848;1626;1625;
1849;1535;1543;
1850;1543;1553;
1851;1553;1558;
1852;1496;1497;
1853;1497;1490;
1854;1490;315;
1855;1586;1598;
1856;1598;1587;
1857;1587;1578;
1858;1521;1560;
1859;1560;1571;
1860;1571;1626;
1861;1545;1548;
1862;1548;1552;
1863;1552;1556;
1864;1491;1495;
1865;1495;1502;
1866;1502;1501;
1867;1690;1662;
1868;1662;1656;
1869;1656;1661;
1870;1596;1593;
1871;1593;1591;
1872;1591;1585;
1873;1710;1712;
1874;1712;1716;
1875;1716;1713;
1876;1605;1606;
1877;1606;1610;
1878;1610;1614;
1879;1709;1710;
1880;1710;1713;
1881;1713;1690;
1882;1556;1550;
1883;1550;1535;
1884;1535;1534;
1885;1595;1592;
1886;1592;1589;
1887;1589;1590;
1888;1491;1492;
1889;1492;1500;
1890;1500;1501;
1891;1552;1546;
1892;1546;1541;
1893;1541;1548;
1894;1462;1460;
1895;1460;1463;
1896;1463;1464;
1897;1585;1594;
1898;1594;1597;
1899;1597;1596;
1900;1501;1503;
1901;1503;1508;
1902;1508;1506;
1903;1632;1629;
1904;1629;1618;
1905;1618;1616;
1906;1616;1611;
1907;1665;1666;
1908;1666;1683;
1909;1683;1701;
1910;1701;1705;
1911;1513;1518;
1912;1518;1542;
1913;1542;1583;
1914;1583;1584;
1915;1643;1654;
1916;1654;1657;
1917;1657;1664;
1918;1664;877;
1919;1611;1615;
1920;1615;1622;
1921;1622;1628;
1922;1628;1632;
1923;1655;1653;
1924;1653;1620;
1925;1620;1604;
1926;1604;1596;
1927;1513;1516;
1928;1516;1540;
1929;1540;1582;
1930;1582;1584;
1931;1705;1704;
1932;1704;1684;
1933;1684;1667;
1934;1667;1665;
1935;1693;1686;
1936;1686;1696;
1937;1696;1695;
1938;1695;1688;
1939;1605;1574;
1940;1574;1565;
1941;1565;1559;
1942;1559;1550;
1943;1576;1588;
1944;1588;1623;
1945;1623;1636;
1946;1636;1640;
1947;1640;1643;
1948;1506;1515;
1949;1515;1505;
1950;1505;1498;
1951;1498;1487;
1952;1487;1494;
1953;1611;1601;
1954;1601;1573;
1955;1573;1569;
1956;1569;1563;
1957;1563;1556;
1958;1596;1602;
1959;1602;1613;
1960;1613;1617;
1961;1617;1652;
1962;1652;1655;
1963;1647;1672;
1964;1672;1676;
1965;1676;1678;
1966;1678;1677;
1967;1677;1649;
1968;1517;1536;
1969;1536;1555;
1970;1555;1566;
1971;1566;1578;
1972;1578;1586;
1973;1586;1600;
1974;1724;1723;
1975;1723;1719;
1976;1719;1718;
1977;1718;1717;
1978;1717;1720;
1979;1720;1722;
1980;1661;1670;
1981;1670;1673;
1982;1673;1691;
1983;1691;1697;
1984;1697;1706;
1985;1706;493;
1986;1470;1468;
1987;1468;1466;
1988;1466;1728;
1989;1728;1729;
1990;1729;1730;
1991;1730;1731;
1992;1731;1732;
1993;1732;1733;
1994;1733;1734;
1995;1734;1735;
1996;1735;1736;
1997;1736;1464;
1998;1464;1726;
1999;1726;1727;
2000;1727;549;
2001;549;1465;
2002;1465;1467;
2003;1467;1469;
2004;1469;1470;
2005;1680;1693;
2006;1693;1694;
2007;1694;1709;
2008;1709;1721;
2009;1721;1708;
2010;1708;1707;
2011;1707;1705;
2012;1558;1574;
2013;1574;1577;
2014;1577;1580;
2015;1580;1579;
2016;1579;1575;
2017;1575;1567;
2018;1567;1561;
2019;1561;1556;
2020;1513;1511;
2021;1511;1512;
2022;1512;1517;
2023;1517;1520;
2024;1520;1523;
2025;1523;1525;
2026;1525;1527;
2027;1527;1530;
2028;1536;1538;
2029;1538;1539;
2030;1539;1544;
2031;1544;1547;
2032;1547;1549;
2033;1549;1551;
2034;1551;1554;
2035;1554;1534;
2036;552;2259;
2037;2259;1919;
2038;1919;1737;
2039;1738;1023;
2040;1739;1752;
2041;1752;1920;
2042;1918;1750;
2043;1750;1751;
2044;1751;1737;
2045;1737;1740;
2046;1740;1921;
2047;1921;1741;
2048;1741;1742;
2049;1742;1926;
2050;1926;712;
2051;712;1738;
2052;1738;1749;
2053;1749;1743;
2054;1743;553;
2055;553;1744;
2056;1744;1745;
2057;1745;1746;
2058;1746;1739;
2059;1739;1747;
2060;1747;1748;
2061;1748;1918;
2062;550;208;
2063;208;1923;
2064;258;601;
2065;601;550;
2066;858;1755;
2067;1755;1762;
2068;1762;1761;
2069;1761;1756;
2070;1756;1763;
2071;1763;1757;
2072;1757;1758;
2073;1758;1759;
2074;1759;1764;
2075;1764;1760;
2076;1764;1765;
2077;455;1770;
2078;1770;1771;
2079;1771;1845;
2080;1845;2050;
2081;2050;1772;
2082;1772;2049;
2083;2049;1773;
2084;1773;2048;
2085;2048;2047;
2086;2047;1774;
2087;1774;2046;
2088;2046;1775;
2089;1775;1776;
2090;1776;2044;
2091;2044;1777;
2092;1777;1778;
2093;1778;1779;
2094;1779;2045;
2095;2045;1780;
2096;1780;1781;
2097;1782;1985;
2098;1985;1783;
2099;1783;1984;
2100;1984;1983;
2101;1983;1784;
2102;1784;1785;
2103;1785;1843;
2104;1843;1786;
2105;1786;1844;
2106;1844;1787;
2107;1787;1788;
2108;1791;2051;
2109;2051;1792;
2110;1792;2052;
2111;2052;1793;
2112;1793;1794;
2113;1794;2053;
2114;2053;2054;
2115;2054;1795;
2116;1795;1796;
2117;1796;2055;
2118;2055;1797;
2119;1798;1799;
2120;1799;1800;
2121;1800;1801;
2122;1801;1802;
2123;1802;1803;
2124;1803;1804;
2125;1804;1805;
2126;1805;1806;
2127;1806;1807;
2128;1807;1808;
2129;1808;1809;
2130;1809;392;
2131;1804;1810;
2132;1810;1811;
2133;1811;1812;
2134;1812;1813;
2135;1815;1816;
2136;1816;1817;
2137;1817;1834;
2138;1834;1818;
2139;1817;1819;
2140;1819;1820;
2141;1820;1821;
2142;1821;1822;
2143;1822;1830;
2144;1830;1823;
2145;1823;1824;
2146;1824;1837;
2147;1837;1838;
2148;1838;1825;
2149;1825;1826;
2150;1826;1827;
2151;1827;1828;
2152;1828;1825;
2153;1828;1829;
2154;1829;1823;
2155;1830;1831;
2156;1831;1832;
2157;1832;1829;
2158;1816;1833;
2159;1834;1835;
2160;1835;1836;
2161;1839;1840;
2162;1840;1841;
2163;1841;1842;
2164;1853;1854;
2165;1854;1855;
2166;1855;1856;
2167;1857;1858;
2168;1858;1859;
2169;1859;1860;
2170;1860;1861;
2171;1861;1863;
2172;1863;1862;
2173;1869;2135;
2174;2135;1870;
2175;1869;1865;
2176;1865;1866;
2177;1866;1867;
2178;1867;1868;
2179;1871;1872;
2180;1872;1873;
2181;1873;1874;
2182;1874;1875;
2183;1875;1876;
2184;1876;1877;
2185;1877;1878;
2186;1878;1879;
2187;1879;1880;
2188;1880;1881;
2189;1881;1882;
2190;1882;1883;
2191;1883;1884;
2192;1884;1885;
2193;1885;1886;
2194;1880;1887;
2195;1887;1888;
2196;1888;1889;
2197;1889;1890;
2198;1890;1891;
2199;1891;1892;
2200;1892;709;
2201;250;1893;
2202;1893;1894;
2203;1894;1895;
2204;1894;1901;
2205;1901;1896;
2206;1897;1896;
2207;1896;1898;
2208;1898;1899;
2209;1898;1900;
2210;1901;1902;
2211;1903;1906;
2212;1906;1904;
2213;1905;1906;
2214;1906;1907;
2215;535;2408;
2216;2408;1914;
2217;534;1917;
2218;1917;1914;
2219;1914;1915;
2220;1915;1916;
2221;1918;1920;
2222;1923;1741;
2223;481;482;
2224;482;472;
2225;214;215;
2226;264;263;
2227;263;262;
2228;262;261;
2229;261;260;
2230;260;259;
2231;686;690;
2232;690;687;
2233;687;1928;
2234;1928;694;
2235;694;663;
2236;663;1929;
2237;1929;1930;
2238;1930;1931;
2239;678;1936;
2240;1936;1937;
2241;1937;1938;
2242;1938;1939;
2243;1939;1940;
2244;1940;1941;
2245;1941;664;
2246;419;788;
2247;788;420;
2248;299;1979;
2249;1978;1839;
2250;1839;337;
2251;337;300;
2252;300;1969;
2253;1969;1982;
2254;1982;301;
2255;2010;2011;
2256;2011;2012;
2257;2012;2013;
2258;2013;2014;
2259;2014;2015;
2260;2015;2016;
2261;2016;2017;
2262;2017;2018;
2263;2018;324;
2264;326;2019;
2265;2019;2020;
2266;2020;2021;
2267;2021;2022;
2268;2022;2023;
2269;2023;2024;
2270;2024;2025;
2271;2025;2026;
2272;2026;2027;
2273;2027;2028;
2274;2028;2029;
2275;2029;2030;
2276;2030;2031;
2277;2031;2032;
2278;2032;2033;
2279;2033;2034;
2280;2034;2035;
2281;2035;2036;
2282;2036;2037;
2283;2038;2039;
2284;2039;2040;
2285;2040;2041;
2286;584;583;
2287;583;2077;
2288;2077;2078;
2289;1447;2084;
2290;2084;2085;
2291;2085;2095;
2292;2095;1446;
2293;2086;2087;
2294;2087;2088;
2295;2090;2094;
2296;2094;2091;
2297;2090;2092;
2298;2092;2093;
2299;1444;2141;
2300;2141;2093;
2301;1444;2097;
2302;2097;2098;
2303;2098;2266;
2304;2266;2099;
2305;2099;2100;
2306;2100;2101;
2307;2101;2102;
2308;2102;2103;
2309;2103;417;
2310;2104;2105;
2311;2105;2106;
2312;2106;1870;
2313;708;2388;
2314;2388;2107;
2315;2107;2389;
2316;2389;808;
2317;808;807;
2318;807;812;
2319;812;2390;
2320;2390;2391;
2321;2391;810;
2322;810;259;
2323;2108;2109;
2324;2109;2110;
2325;2110;2111;
2326;2111;2112;
2327;2112;2113;
2328;2113;2114;
2329;2114;2115;
2330;2115;2124;
2331;2124;2116;
2332;2109;2117;
2333;2117;2118;
2334;2118;2119;
2335;2119;2120;
2336;2120;2121;
2337;2121;2122;
2338;2122;2123;
2339;2123;2124;
2340;1864;2125;
2341;2125;2126;
2342;2126;2127;
2343;2127;2128;
2344;2128;2129;
2345;1869;1864;
2346;1864;2130;
2347;2130;2131;
2348;2131;2132;
2349;2132;2133;
2350;2133;2134;
2351;2134;2392;
2352;2136;2137;
2353;2137;1864;
2354;2138;2195;
2355;2195;2139;
2356;2139;2140;
2357;2147;2148;
2358;2149;2150;
2359;2150;2155;
2360;2155;2152;
2361;2152;2151;
2362;2152;2153;
2363;2153;2154;
2364;2154;2155;
2365;2158;2159;
2366;2159;2160;
2367;2160;2161;
2368;2161;2162;
2369;2162;2157;
2370;2157;2164;
2371;2164;2156;
2372;2156;953;
2373;2160;2163;
2374;2163;2164;
2375;2146;2165;
2376;2165;2166;
2377;2166;2167;
2378;2167;2168;
2379;2168;2169;
2380;2169;2166;
2381;839;2170;
2382;2170;2174;
2383;2174;2171;
2384;2171;2172;
2385;2172;2173;
2386;2173;2174;
2387;2173;2175;
2388;2175;2176;
2389;2176;2167;
2390;2177;2178;
2391;2178;2179;
2392;2179;2180;
2393;1916;2183;
2394;2183;2184;
2395;479;480;
2396;480;481;
2397;480;2189;
2398;2189;2190;
2399;1852;2202;
2400;2202;2203;
2401;2203;2204;
2402;2204;2205;
2403;2205;2206;
2404;2206;2207;
2405;2207;2208;
2406;1862;2209;
2407;2209;2210;
2408;2210;2211;
2409;2211;2212;
2410;2212;2208;
2411;1855;2213;
2412;2213;2214;
2413;2214;2215;
2414;2215;2216;
2415;2216;2217;
2416;2218;2219;
2417;2219;2220;
2418;2220;2221;
2419;2221;2222;
2420;2222;2223;
2421;2223;2224;
2422;2224;2225;
2423;2226;2228;
2424;2228;2229;
2425;2229;2230;
2426;2230;2231;
2427;2231;2232;
2428;2232;2233;
2429;2233;2234;
2430;2234;2235;
2431;2226;2227;
2432;2237;2238;
2433;2237;2239;
2434;2239;2240;
2435;2240;2241;
2436;2241;2242;
2437;2242;2243;
2438;2243;2244;
2439;2244;2245;
2440;2245;2246;
2441;2247;2248;
2442;2248;2249;
2443;2249;2258;
2444;2258;2250;
2445;2250;2251;
2446;2259;2252;
2447;2252;2253;
2448;2253;2254;
2449;2254;2255;
2450;2255;2256;
2451;2256;2257;
2452;2260;2257;
2453;2257;2258;
2454;2262;2263;
2455;918;316;
2456;316;320;
2457;320;319;
2458;319;1445;
2459;1445;416;
2460;416;468;
2461;468;1444;
2462;1444;1442;
2463;1442;417;
2464;1450;920;
2465;920;922;
2466;922;921;
2467;921;914;
2468;914;919;
2469;919;912;
2470;912;923;
2471;923;2096;
2472;2096;917;
2473;917;913;
2474;913;915;
2475;915;916;
2476;916;918;
2477;2266;2267;
2478;2267;2268;
2479;2268;2269;
2480;2269;2270;
2481;2270;2271;
2482;2271;2272;
2483;2272;2273;
2484;2273;2274;
2485;2274;2275;
2486;2275;2276;
2487;2276;2277;
2488;435;436;
2489;436;437;
2490;437;248;
2491;248;249;
2492;249;250;
2493;250;251;
2494;251;2236;
2495;2236;2238;
2496;2238;252;
2497;252;939;
2498;939;253;
2499;253;2227;
2500;2227;254;
2501;254;255;
2502;255;412;
2503;412;256;
2504;256;234;
2505;473;2282;
2506;2282;2283;
2507;2283;2284;
2508;2284;2285;
2509;2285;2286;
2510;2286;2287;
2511;2287;2288;
2512;2288;2289;
2513;2289;2290;
2514;2290;2291;
2515;2292;2293;
2516;2293;2294;
2517;2294;2295;
2518;2295;2296;
2519;2296;2297;
2520;2297;2299;
2521;2299;2298;
2522;2299;2300;
2523;2300;2301;
2524;2301;2302;
2525;2302;2303;
2526;2303;2304;
2527;2304;2305;
2528;2305;2306;
2529;2306;2307;
2530;2307;2308;
2531;2308;2312;
2532;2312;2293;
2533;2309;2310;
2534;2310;2311;
2535;2311;2312;
2536;2315;2316;
2537;2316;2317;
2538;2317;2318;
2539;593;2319;
2540;2321;2320;
2541;2322;2323;
2542;2323;2324;
2543;2324;2330;
2544;2330;2325;
2545;2325;2326;
2546;2326;2327;
2547;2327;2328;
2548;2328;2329;
2549;286;1027;
2550;1027;86;
2551;86;1021;
2552;1021;87;
2553;87;88;
2554;88;125;
2555;629;2335;
2556;2335;2336;
2557;2336;2337;
2558;2337;2338;
2559;528;2339;
2560;2339;2340;
2561;2340;2341;
2562;2341;2342;
2563;2342;2343;
2564;2343;2344;
2565;2344;2345;
2566;2345;2346;
2567;2346;2353;
2568;2353;2347;
2569;2347;2348;
2570;2348;2349;
2571;2349;2350;
2572;2350;2351;
2573;2351;2352;
2574;2352;527;
2575;2353;2354;
2576;2355;2356;
2577;2356;2357;
2578;2357;2358;
2579;2358;2359;
2580;2359;2360;
2581;2360;2361;
2582;2361;2362;
2583;2362;2366;
2584;2366;2363;
2585;2363;2364;
2586;2364;2365;
2587;2365;2367;
2588;2367;2361;
2589;2366;2367;
2590;555;2369;
2591;2369;2370;
2592;2370;2371;
2593;2371;2372;
2594;2372;2373;
2595;2373;2374;
2596;2374;2375;
2597;2375;2376;
2598;2376;2377;
2599;2377;2378;
2600;2378;2379;
2601;2379;2380;
2602;2380;2381;
2603;2381;2382;
2604;2382;2383;
2605;2383;2384;
2606;2384;2385;
2607;2376;2386;
2608;2386;2387;
2609;164;6;
2610;6;1024;
2611;1024;4;
2612;8;2395;
2613;2395;978;
2614;978;164;
2615;5;981;
2616;2393;1;
2617;1;975;
2618;975;3;
2619;3;2394;
2620;2394;5;
2621;981;2396;
2622;2396;7;
2623;981;155;
2624;2423;2422;
2625;2422;2421;
2626;2421;2410;
2627;2410;1054;
2628;1054;2415;
2629;2415;2416;
2630;2416;2411;
2631;2412;2413;
2632;2413;2418;
