1;897;763
2;795;765
3;1167;577
4;1170;541
5;854;859
6;1149;885
7;1265;889
8;1312;892
9;1151;833
10;1144;932
11;987;910
12;1141;1005
13;363;608
14;255;443
15;992;506
16;957;585
17;998;531
18;867;716
19;920;657
20;994;439
21;1178;442
22;1431;443
23;1416;647
24;1734;746
25;1580;730
26;1512;750
27;1499;782
28;1501;808
29;1638;689
30;1437;705
31;1407;771
32;1375;809
33;1442;694
34;1492;654
35;1509;622
36;1308;846
37;1671;633
38;1502;670
39;1495;664
40;1437;317
41;1441;227
42;1437;123
43;377;390
44;1023;356
45;1182;356
46;1747;445
47;0;362
48;191;376
49;226;440
50;1543;312
51;890;992
52;805;968
53;937;904
54;1614;919
55;1521;910
56;1535;345
57;1549;320
58;324;878
59;652;865
60;1530;556
61;1510;867
62;1645;895
63;1528;875
64;1276;803
65;1446;128
66;470;398
67;1538;621
68;1500;562
69;1560;669
70;1700;732
71;867;384
72;1430;622
73;1450;516
74;1471;505
75;1522;480
76;1531;470
77;1480;657
78;1427;523
79;1431;568
80;1439;533
81;1442;524
82;1263;542
83;1607;544
84;1569;541
85;1438;538
86;1427;538
87;1294;538
88;1298;546
89;1427;546
90;1437;546
91;1428;497
92;1439;303
93;1178;410
94;1269;774
95;1287;775
96;1378;774
97;1406;781
98;1453;837
99;1535;405
100;1017;761
101;1282;731
102;1037;758
103;1289;757
104;1275;767
105;1325;702
106;1389;742
107;665;596
108;516;602
109;1318;740
110;1156;744
111;1694;542
112;1452;507
113;1022;531
114;1190;538
115;1435;504
116;1282;542
117;982;538
118;1262;540
119;1242;542
120;1437;638
121;993;527
122;1696;548
123;1152;531
124;1151;539
125;1677;540
126;1164;527
127;1140;532
128;1672;546
129;1176;537
130;1267;544
131;1031;537
132;1640;545
133;1617;547
134;1009;535
135;1241;538
136;1076;531
137;1168;533
138;1515;748
139;1432;414
140;1919;762
141;1520;812
142;1480;813
143;1503;812
144;851;866
145;1038;866
146;888;860
147;1131;881
148;1014;885
149;1019;865
150;1026;869
151;1041;870
152;1344;1079
153;1317;825
154;1274;795
155;1390;734
156;1446;714
157;1317;710
158;1453;645
159;836;890
160;1491;854
161;1468;842
162;1551;813
163;1373;806
164;1282;800
165;1385;784
166;1389;783
167;1290;778
168;1389;778
169;1283;778
170;1301;770
171;1236;769
172;1246;763
173;1322;730
174;1440;710
175;996;459
176;994;453
177;1012;450
178;1168;453
179;1043;448
180;1008;444
181;965;435
182;995;424
183;1534;444
184;412;393
185;1536;327
186;1261;974
187;1498;571
188;1494;565
189;1490;562
190;1468;553
191;1476;556
192;1522;491
193;1647;482
194;1639;494
195;1587;491
196;1587;478
197;1506;488
198;1398;897
199;1649;721
200;1589;695
201;1810;754
202;1675;872
203;1620;870
204;1462;844
205;1646;867
206;1673;830
207;1301;1022
208;1165;498
209;1492;663
210;1403;723
211;1380;785
212;1290;780
213;1280;963
214;1235;961
215;1290;941
216;1244;939
217;1363;820
218;1328;864
219;1277;815
220;1273;860
221;1149;871
222;1138;873
223;1133;874
224;1141;872
225;1147;869
226;1144;870
227;1122;875
228;1149;867
229;1038;864
230;927;905
231;930;905
232;924;907
233;923;907
234;926;906
235;922;909
236;933;905
237;893;900
238;897;900
239;891;901
240;889;901
241;1166;490
242;994;489
243;995;477
244;1090;448
245;993;500
246;1166;481
247;1269;777
248;1403;786
249;1545;881
250;1606;918
251;1544;915
252;1352;832
253;1342;845
254;1719;836
255;1567;868
256;1585;871
257;1552;851
258;1560;866
259;1605;873
260;1251;888
261;1258;761
262;1265;768
263;1263;772
264;1276;777
265;1267;772
266;1265;772
267;1272;771
268;1269;772
269;1267;770
270;1389;780
271;1283;804
272;1289;772
273;1282;802
274;1287;778
275;1385;776
276;1273;777
277;1282;803
278;1271;776
279;1295;771
280;1459;759
281;1440;746
282;1468;749
283;1467;747
284;1441;745
285;1455;760
286;1465;746
287;1441;739
288;1468;751
289;1458;744
290;1463;758
291;1440;747
292;1501;753
293;1446;742
294;1445;743
295;1447;743
296;1446;751
297;1462;745
298;1443;740
299;1449;761
300;1446;741
301;1444;744
302;1443;750
303;1444;740
304;1449;751
305;1441;749
306;1451;743
307;1465;757
308;1454;743
309;1466;755
310;1468;753
311;1381;784
312;1369;808
313;1366;808
314;1398;783
315;1372;807
316;1370;807
317;1402;783
318;1407;776
319;1511;748
320;1504;746
321;1499;798
322;1537;812
323;1498;794
324;1492;796
325;1497;795
326;1499;792
327;1495;796
328;1485;797
329;1502;771
330;1508;747
331;1038;770
332;1038;827
333;1063;754
334;854;864
335;865;861
336;853;862
337;880;860
338;859;862
339;871;860
340;859;848
341;862;840
342;397;873
343;447;396
344;1517;572
345;1510;566
346;1522;624
347;1514;606
348;1498;721
349;1127;875
350;674;596
351;1664;870
352;872;521
353;865;533
354;865;535
355;867;535
356;871;535
357;877;533
358;901;498
359;875;535
360;809;704
361;823;665
362;1023;742
363;1041;741
364;1026;761
365;1048;756
366;677;596
367;1320;723
368;1301;728
369;1311;726
370;1307;728
371;1315;725
372;1155;772
373;1318;715
374;1295;716
375;1341;692
376;1327;689
377;1282;552
378;1282;545
379;1380;740
380;1321;736
381;1331;739
382;1376;741
383;1364;742
384;1388;740
385;1342;741
386;1423;641
387;1478;698
388;1475;700
389;1500;689
390;1502;690
391;1474;702
392;1481;702
393;1474;700
394;1509;691
395;1497;716
396;1496;689
397;1489;716
398;1494;689
399;1479;701
400;1498;689
401;1475;703
402;1479;700
403;1497;675
404;1518;686
405;1464;655
406;1441;650
407;1433;648
408;1456;717
409;1395;728
410;1320;705
411;1493;676
412;1492;673
413;1493;674
414;1464;663
415;1376;678
416;1487;669
417;1368;676
418;1505;587
419;1544;636
420;1523;586
421;1437;565
422;1425;636
423;1446;642
424;1428;565
425;1433;633
426;1567;548
427;1563;547
428;1567;553
429;1560;547
430;1567;549
431;1565;548
432;1615;549
433;1624;547
434;1620;547
435;1618;548
436;1616;549
437;1615;553
438;1691;601
439;1685;603
440;1687;602
441;1698;601
442;1682;606
443;1325;618
444;1318;620
445;1321;620
446;1322;619
447;1630;696
448;1675;627
449;1267;881
450;1284;761
451;1422;713
452;1322;733
453;1422;647
454;1309;898
455;1351;808
456;1251;802
457;1298;805
458;1398;811
459;1285;953
460;1404;766
461;1399;642
462;1239;950
463;1419;811
464;602;408
465;1919;761
466;1591;695
467;1885;757
468;1565;668
469;1650;721
470;1701;731
471;1129;875
472;1328;738
473;1141;1002
474;1142;999
475;891;990
476;807;966
477;1309;715
478;1334;691
479;1323;619
480;1282;551
481;1670;871
482;1514;869
483;1676;830
484;1640;826
485;1503;811
486;1502;809
487;1510;754
488;1505;754
489;1509;748
490;1497;745
491;1426;728
492;1409;725
493;1482;720
494;1497;718
495;1493;718
496;1497;717
497;1491;717
498;1633;694
499;1507;680
500;1374;677
501;1501;677
502;1491;672
503;1615;552
504;1567;552
505;1543;621
506;1549;636
507;1528;586
508;1524;577
509;1522;572
510;1514;565
511;1503;561
512;1475;553
513;870;383
514;1137;886
515;1016;882
516;1284;955
517;1409;900
518;1408;899
519;1382;898
520;1407;898
521;1385;897
522;1388;896
523;1303;846
524;1544;320
525;1340;1080
526;1504;622
527;1297;1023
528;1256;975
529;1312;824
530;1437;693
531;1488;654
532;1509;606
533;1525;555
534;1521;622
535;1592;722
536;1509;756
537;1518;756
538;1035;747
539;1036;744
540;865;715
541;1511;909
542;1329;1060
543;1334;1060
544;1894;759
545;1519;912
546;1522;880
547;1744;747
548;1792;752
549;1629;894
550;1288;891
551;1014;865
552;1038;862
553;1702;833
554;1291;546
555;1274;542
556;1252;541
557;1231;541
558;1019;537
559;1003;533
560;1024;537
561;1014;536
562;995;529
563;992;524
564;1000;455
565;1003;454
566;1006;452
567;1018;450
568;985;437
569;1002;442
570;1014;445
571;1023;446
572;1004;401
573;1171;535
574;1159;529
575;1162;528
576;1155;450
577;1170;447
578;1173;444
579;1163;451
580;1145;449
581;1027;449
582;1146;532
583;1156;530
584;1165;531
585;1174;536
586;1182;538
587;1186;538
588;861;663
